144;13259700;4;0.1;10;12;kempe;instances/DSJC500.1.col;500;12458
145;16588858;8;0.1;10;12;kempe;instances/DSJC500.1.col;500;12458
154;13654250;8;0.1;10;12;kempe;instances/DSJC500.1.col;500;12458
141;13765383;5;0.1;10;12;kempe;instances/DSJC500.1.col;500;12458
138;16467498;6;0.1;10;12;kempe;instances/DSJC500.1.col;500;12458
141;13386092;4;0.1;10;12;kempe;instances/DSJC500.1.col;500;12458
145;16570037;5;0.1;10;12;kempe;instances/DSJC500.1.col;500;12458
139;13275846;6;0.1;10;12;kempe;instances/DSJC500.1.col;500;12458
145;16833645;0;0.1;10;12;kempe;instances/DSJC500.1.col;500;12458
133;13656075;2;0.1;10;12;kempe;instances/DSJC500.1.col;500;12458
145;13874294;1;0.1;10;12;kempe;instances/DSJC500.1.col;500;12458
142;16756732;5;0.1;10;12;kempe;instances/DSJC500.1.col;500;12458
148;13272044;5;0.1;10;12;kempe;instances/DSJC500.1.col;500;12458
141;16652012;2;0.1;10;12;kempe;instances/DSJC500.1.col;500;12458
139;13369392;4;0.1;10;12;kempe;instances/DSJC500.1.col;500;12458
134;16571088;4;0.1;10;12;kempe;instances/DSJC500.1.col;500;12458
138;13552250;4;0.1;10;12;kempe;instances/DSJC500.1.col;500;12458
138;13251315;5;0.1;10;12;kempe;instances/DSJC500.1.col;500;12458
141;16913218;1;0.1;10;12;kempe;instances/DSJC500.1.col;500;12458
149;14044916;3;0.1;10;12;kempe;instances/DSJC500.1.col;500;12458
141;16171552;1;0.1;10;12;kempe;instances/DSJC500.1.col;500;12458
143;13884639;4;0.1;10;12;kempe;instances/DSJC500.1.col;500;12458
138;16241100;8;0.1;10;12;kempe;instances/DSJC500.1.col;500;12458
133;13881778;8;0.1;10;12;kempe;instances/DSJC500.1.col;500;12458
141;13907039;7;0.1;10;12;kempe;instances/DSJC500.1.col;500;12458
