173;175197759;9;0.1;10;48;kempe;instances/DSJC500.5.col;500;62624
177;169008550;4;0.1;10;48;kempe;instances/DSJC500.5.col;500;62624
177;170458169;6;0.1;10;48;kempe;instances/DSJC500.5.col;500;62624
179;170027882;8;0.1;10;48;kempe;instances/DSJC500.5.col;500;62624
168;171109450;0;0.1;10;48;kempe;instances/DSJC500.5.col;500;62624
169;172035739;1;0.1;10;48;kempe;instances/DSJC500.5.col;500;62624
178;171720687;1;0.1;10;48;kempe;instances/DSJC500.5.col;500;62624
167;171652655;8;0.1;10;48;kempe;instances/DSJC500.5.col;500;62624
178;171625542;7;0.1;10;48;kempe;instances/DSJC500.5.col;500;62624
171;171006479;6;0.1;10;48;kempe;instances/DSJC500.5.col;500;62624
171;171954148;1;0.1;10;48;kempe;instances/DSJC500.5.col;500;62624
172;170627866;0;0.1;10;48;kempe;instances/DSJC500.5.col;500;62624
175;172132256;0;0.1;10;48;kempe;instances/DSJC500.5.col;500;62624
166;171007378;3;0.1;10;48;kempe;instances/DSJC500.5.col;500;62624
172;167218385;0;0.1;10;48;kempe;instances/DSJC500.5.col;500;62624
174;169325936;8;0.1;10;48;kempe;instances/DSJC500.5.col;500;62624
166;170813505;7;0.1;10;48;kempe;instances/DSJC500.5.col;500;62624
166;171129824;0;0.1;10;48;kempe;instances/DSJC500.5.col;500;62624
170;169550568;3;0.1;10;48;kempe;instances/DSJC500.5.col;500;62624
175;171149062;4;0.1;10;48;kempe;instances/DSJC500.5.col;500;62624
173;170377691;9;0.1;10;48;kempe;instances/DSJC500.5.col;500;62624
174;169227320;9;0.1;10;48;kempe;instances/DSJC500.5.col;500;62624
156;170624716;0;0.1;10;48;kempe;instances/DSJC500.5.col;500;62624
176;169535611;1;0.1;10;48;kempe;instances/DSJC500.5.col;500;62624
170;170989642;9;0.1;10;48;kempe;instances/DSJC500.5.col;500;62624
