305;147322198;8;0.1;10;20;kempe;instances/DSJC1000.1.col;1000;49629
305;146165926;8;0.1;10;20;kempe;instances/DSJC1000.1.col;1000;49629
314;147720443;0;0.1;10;20;kempe;instances/DSJC1000.1.col;1000;49629
302;146622229;1;0.1;10;20;kempe;instances/DSJC1000.1.col;1000;49629
303;145235295;5;0.1;10;20;kempe;instances/DSJC1000.1.col;1000;49629
302;144944396;3;0.1;10;20;kempe;instances/DSJC1000.1.col;1000;49629
291;144863984;9;0.1;10;20;kempe;instances/DSJC1000.1.col;1000;49629
308;145630312;5;0.1;10;20;kempe;instances/DSJC1000.1.col;1000;49629
307;146361251;3;0.1;10;20;kempe;instances/DSJC1000.1.col;1000;49629
305;147431605;0;0.1;10;20;kempe;instances/DSJC1000.1.col;1000;49629
310;145930409;4;0.1;10;20;kempe;instances/DSJC1000.1.col;1000;49629
317;144622107;8;0.1;10;20;kempe;instances/DSJC1000.1.col;1000;49629
303;145201654;3;0.1;10;20;kempe;instances/DSJC1000.1.col;1000;49629
303;144679158;7;0.1;10;20;kempe;instances/DSJC1000.1.col;1000;49629
299;144552336;2;0.1;10;20;kempe;instances/DSJC1000.1.col;1000;49629
294;146397473;9;0.1;10;20;kempe;instances/DSJC1000.1.col;1000;49629
285;145058739;6;0.1;10;20;kempe;instances/DSJC1000.1.col;1000;49629
307;145588940;3;0.1;10;20;kempe;instances/DSJC1000.1.col;1000;49629
294;144827132;5;0.1;10;20;kempe;instances/DSJC1000.1.col;1000;49629
309;145449370;6;0.1;10;20;kempe;instances/DSJC1000.1.col;1000;49629
305;146247071;8;0.1;10;20;kempe;instances/DSJC1000.1.col;1000;49629
308;149770657;2;0.1;10;20;kempe;instances/DSJC1000.1.col;1000;49629
307;145898454;8;0.1;10;20;kempe;instances/DSJC1000.1.col;1000;49629
305;145008526;3;0.1;10;20;kempe;instances/DSJC1000.1.col;1000;49629
296;145945244;1;0.1;10;20;kempe;instances/DSJC1000.1.col;1000;49629
304;150281894;0;0.1;10;20;kempe;instances/DSJC1000.1.col;1000;49629
312;148266840;2;0.1;10;20;kempe;instances/DSJC1000.1.col;1000;49629
293;148013353;2;0.1;10;20;kempe;instances/DSJC1000.1.col;1000;49629
303;149840111;4;0.1;10;20;kempe;instances/DSJC1000.1.col;1000;49629
311;148553226;3;0.1;10;20;kempe;instances/DSJC1000.1.col;1000;49629
312;148098390;5;0.1;10;20;kempe;instances/DSJC1000.1.col;1000;49629
313;149655760;7;0.1;10;20;kempe;instances/DSJC1000.1.col;1000;49629
312;148202846;6;0.1;10;20;kempe;instances/DSJC1000.1.col;1000;49629
313;147872276;2;0.1;10;20;kempe;instances/DSJC1000.1.col;1000;49629
299;147296718;9;0.1;10;20;kempe;instances/DSJC1000.1.col;1000;49629
313;147751394;1;0.1;10;20;kempe;instances/DSJC1000.1.col;1000;49629
300;148577279;2;0.1;10;20;kempe;instances/DSJC1000.1.col;1000;49629
307;147980315;3;0.1;10;20;kempe;instances/DSJC1000.1.col;1000;49629
288;146377942;9;0.1;10;20;kempe;instances/DSJC1000.1.col;1000;49629
308;148110552;4;0.1;10;20;kempe;instances/DSJC1000.1.col;1000;49629
298;146088472;2;0.1;10;20;kempe;instances/DSJC1000.1.col;1000;49629
301;147886386;1;0.1;10;20;kempe;instances/DSJC1000.1.col;1000;49629
301;148493653;7;0.1;10;20;kempe;instances/DSJC1000.1.col;1000;49629
305;150350328;7;0.1;10;20;kempe;instances/DSJC1000.1.col;1000;49629
303;148433362;2;0.1;10;20;kempe;instances/DSJC1000.1.col;1000;49629
306;146994150;5;0.1;10;20;kempe;instances/DSJC1000.1.col;1000;49629
305;146761860;3;0.1;10;20;kempe;instances/DSJC1000.1.col;1000;49629
314;147382162;5;0.1;10;20;kempe;instances/DSJC1000.1.col;1000;49629
306;146951459;8;0.1;10;20;kempe;instances/DSJC1000.1.col;1000;49629
310;147048747;7;0.1;10;20;kempe;instances/DSJC1000.1.col;1000;49629
