77;13605997;0;0.1;10;28;kempe;instances/DSJC250.5.col;250;15668
79;16126983;3;0.1;10;28;kempe;instances/DSJC250.5.col;250;15668
70;13554023;3;0.1;10;28;kempe;instances/DSJC250.5.col;250;15668
71;16414288;6;0.1;10;28;kempe;instances/DSJC250.5.col;250;15668
75;13444086;8;0.1;10;28;kempe;instances/DSJC250.5.col;250;15668
76;16368226;7;0.1;10;28;kempe;instances/DSJC250.5.col;250;15668
72;13977302;8;0.1;10;28;kempe;instances/DSJC250.5.col;250;15668
72;13862711;9;0.1;10;28;kempe;instances/DSJC250.5.col;250;15668
73;16403751;6;0.1;10;28;kempe;instances/DSJC250.5.col;250;15668
77;13713774;6;0.1;10;28;kempe;instances/DSJC250.5.col;250;15668
74;16604107;2;0.1;10;28;kempe;instances/DSJC250.5.col;250;15668
76;13901981;8;0.1;10;28;kempe;instances/DSJC250.5.col;250;15668
76;16578064;6;0.1;10;28;kempe;instances/DSJC250.5.col;250;15668
73;13621906;9;0.1;10;28;kempe;instances/DSJC250.5.col;250;15668
73;13769325;8;0.1;10;28;kempe;instances/DSJC250.5.col;250;15668
74;16229340;9;0.1;10;28;kempe;instances/DSJC250.5.col;250;15668
71;14453546;5;0.1;10;28;kempe;instances/DSJC250.5.col;250;15668
72;17183534;9;0.1;10;28;kempe;instances/DSJC250.5.col;250;15668
76;15143932;5;0.1;10;28;kempe;instances/DSJC250.5.col;250;15668
72;16699861;8;0.1;10;28;kempe;instances/DSJC250.5.col;250;15668
74;14105308;8;0.1;10;28;kempe;instances/DSJC250.5.col;250;15668
78;16633966;1;0.1;10;28;kempe;instances/DSJC250.5.col;250;15668
74;14121153;7;0.1;10;28;kempe;instances/DSJC250.5.col;250;15668
77;14328256;2;0.1;10;28;kempe;instances/DSJC250.5.col;250;15668
73;16455783;3;0.1;10;28;kempe;instances/DSJC250.5.col;250;15668
