56;362488133;5;0.1;10;122;kempe;instances/DSJR500.5.col;500;58862
53;356276538;6;0.1;10;122;kempe;instances/DSJR500.5.col;500;58862
53;358745791;8;0.1;10;122;kempe;instances/DSJR500.5.col;500;58862
55;354865794;6;0.1;10;122;kempe;instances/DSJR500.5.col;500;58862
55;355455751;7;0.1;10;122;kempe;instances/DSJR500.5.col;500;58862
54;354372958;3;0.1;10;122;kempe;instances/DSJR500.5.col;500;58862
55;355043301;3;0.1;10;122;kempe;instances/DSJR500.5.col;500;58862
55;354574427;4;0.1;10;122;kempe;instances/DSJR500.5.col;500;58862
50;354397365;6;0.1;10;122;kempe;instances/DSJR500.5.col;500;58862
53;355814887;5;0.1;10;122;kempe;instances/DSJR500.5.col;500;58862
52;358838048;8;0.1;10;122;kempe;instances/DSJR500.5.col;500;58862
53;355567917;3;0.1;10;122;kempe;instances/DSJR500.5.col;500;58862
51;358462167;9;0.1;10;122;kempe;instances/DSJR500.5.col;500;58862
54;352533902;4;0.1;10;122;kempe;instances/DSJR500.5.col;500;58862
57;355383612;0;0.1;10;122;kempe;instances/DSJR500.5.col;500;58862
54;357995268;4;0.1;10;122;kempe;instances/DSJR500.5.col;500;58862
54;355695635;4;0.1;10;122;kempe;instances/DSJR500.5.col;500;58862
58;355640300;5;0.1;10;122;kempe;instances/DSJR500.5.col;500;58862
52;355751001;1;0.1;10;122;kempe;instances/DSJR500.5.col;500;58862
57;355559542;1;0.1;10;122;kempe;instances/DSJR500.5.col;500;58862
53;355679187;9;0.1;10;122;kempe;instances/DSJR500.5.col;500;58862
55;359813929;2;0.1;10;122;kempe;instances/DSJR500.5.col;500;58862
57;359932169;6;0.1;10;122;kempe;instances/DSJR500.5.col;500;58862
56;354424524;0;0.1;10;122;kempe;instances/DSJR500.5.col;500;58862
53;351733403;3;0.1;10;122;kempe;instances/DSJR500.5.col;500;58862
