46;516535577;5;0.1;10;85;kempe;instances/DSJR500.1c.col;500;121275
57;524831314;1;0.1;10;85;kempe;instances/DSJR500.1c.col;500;121275
56;530127528;2;0.1;10;85;kempe;instances/DSJR500.1c.col;500;121275
40;527140406;6;0.1;10;85;kempe;instances/DSJR500.1c.col;500;121275
42;528128061;4;0.1;10;85;kempe;instances/DSJR500.1c.col;500;121275
45;527317172;6;0.1;10;85;kempe;instances/DSJR500.1c.col;500;121275
44;525180540;2;0.1;10;85;kempe;instances/DSJR500.1c.col;500;121275
36;523708291;9;0.1;10;85;kempe;instances/DSJR500.1c.col;500;121275
43;535306346;2;0.1;10;85;kempe;instances/DSJR500.1c.col;500;121275
39;524112249;5;0.1;10;85;kempe;instances/DSJR500.1c.col;500;121275
43;527307376;1;0.1;10;85;kempe;instances/DSJR500.1c.col;500;121275
50;532231118;0;0.1;10;85;kempe;instances/DSJR500.1c.col;500;121275
42;536364176;3;0.1;10;85;kempe;instances/DSJR500.1c.col;500;121275
47;536133764;9;0.1;10;85;kempe;instances/DSJR500.1c.col;500;121275
48;529889637;2;0.1;10;85;kempe;instances/DSJR500.1c.col;500;121275
33;523701558;9;0.1;10;85;kempe;instances/DSJR500.1c.col;500;121275
48;525000987;3;0.1;10;85;kempe;instances/DSJR500.1c.col;500;121275
37;526296030;0;0.1;10;85;kempe;instances/DSJR500.1c.col;500;121275
49;526332531;5;0.1;10;85;kempe;instances/DSJR500.1c.col;500;121275
49;525107544;6;0.1;10;85;kempe;instances/DSJR500.1c.col;500;121275
44;523032937;1;0.1;10;85;kempe;instances/DSJR500.1c.col;500;121275
44;524940606;0;0.1;10;85;kempe;instances/DSJR500.1c.col;500;121275
53;523303879;7;0.1;10;85;kempe;instances/DSJR500.1c.col;500;121275
46;522179584;9;0.1;10;85;kempe;instances/DSJR500.1c.col;500;121275
52;521343606;5;0.1;10;85;kempe;instances/DSJR500.1c.col;500;121275
53;528090239;3;0.1;10;85;kempe;instances/DSJR500.1c.col;500;121275
35;527244042;7;0.1;10;85;kempe;instances/DSJR500.1c.col;500;121275
43;522085725;8;0.1;10;85;kempe;instances/DSJR500.1c.col;500;121275
45;526161183;0;0.1;10;85;kempe;instances/DSJR500.1c.col;500;121275
43;526366493;9;0.1;10;85;kempe;instances/DSJR500.1c.col;500;121275
38;527582415;3;0.1;10;85;kempe;instances/DSJR500.1c.col;500;121275
45;527393375;2;0.1;10;85;kempe;instances/DSJR500.1c.col;500;121275
49;526166694;1;0.1;10;85;kempe;instances/DSJR500.1c.col;500;121275
49;527053348;3;0.1;10;85;kempe;instances/DSJR500.1c.col;500;121275
33;525991173;2;0.1;10;85;kempe;instances/DSJR500.1c.col;500;121275
47;527014268;2;0.1;10;85;kempe;instances/DSJR500.1c.col;500;121275
49;526010783;0;0.1;10;85;kempe;instances/DSJR500.1c.col;500;121275
50;524978470;6;0.1;10;85;kempe;instances/DSJR500.1c.col;500;121275
52;525280946;1;0.1;10;85;kempe;instances/DSJR500.1c.col;500;121275
50;525751304;2;0.1;10;85;kempe;instances/DSJR500.1c.col;500;121275
41;527153643;9;0.1;10;85;kempe;instances/DSJR500.1c.col;500;121275
46;526435717;4;0.1;10;85;kempe;instances/DSJR500.1c.col;500;121275
50;524028004;7;0.1;10;85;kempe;instances/DSJR500.1c.col;500;121275
56;524234341;6;0.1;10;85;kempe;instances/DSJR500.1c.col;500;121275
52;525332138;0;0.1;10;85;kempe;instances/DSJR500.1c.col;500;121275
44;522508876;9;0.1;10;85;kempe;instances/DSJR500.1c.col;500;121275
54;523551551;9;0.1;10;85;kempe;instances/DSJR500.1c.col;500;121275
43;521972980;4;0.1;10;85;kempe;instances/DSJR500.1c.col;500;121275
41;520761046;2;0.1;10;85;kempe;instances/DSJR500.1c.col;500;121275
38;522177991;9;0.1;10;85;kempe;instances/DSJR500.1c.col;500;121275
