69;9835156;5;0.1;10;15;kempe;instances/le450_15a.col;450;8168
74;9796670;0;0.1;10;15;kempe;instances/le450_15a.col;450;8168
70;9819476;4;0.1;10;15;kempe;instances/le450_15a.col;450;8168
66;9793683;3;0.1;10;15;kempe;instances/le450_15a.col;450;8168
67;9820394;7;0.1;10;15;kempe;instances/le450_15a.col;450;8168
66;9799096;5;0.1;10;15;kempe;instances/le450_15a.col;450;8168
68;9849224;1;0.1;10;15;kempe;instances/le450_15a.col;450;8168
71;9728963;7;0.1;10;15;kempe;instances/le450_15a.col;450;8168
67;9687637;3;0.1;10;15;kempe;instances/le450_15a.col;450;8168
66;9670752;2;0.1;10;15;kempe;instances/le450_15a.col;450;8168
67;9727783;4;0.1;10;15;kempe;instances/le450_15a.col;450;8168
72;9659661;1;0.1;10;15;kempe;instances/le450_15a.col;450;8168
66;9631802;5;0.1;10;15;kempe;instances/le450_15a.col;450;8168
66;9679621;8;0.1;10;15;kempe;instances/le450_15a.col;450;8168
71;9672259;1;0.1;10;15;kempe;instances/le450_15a.col;450;8168
66;9771206;6;0.1;10;15;kempe;instances/le450_15a.col;450;8168
68;9743617;9;0.1;10;15;kempe;instances/le450_15a.col;450;8168
70;9741394;2;0.1;10;15;kempe;instances/le450_15a.col;450;8168
66;9781404;2;0.1;10;15;kempe;instances/le450_15a.col;450;8168
65;9721254;8;0.1;10;15;kempe;instances/le450_15a.col;450;8168
70;9793936;2;0.1;10;15;kempe;instances/le450_15a.col;450;8168
72;9763193;3;0.1;10;15;kempe;instances/le450_15a.col;450;8168
64;9748414;0;0.1;10;15;kempe;instances/le450_15a.col;450;8168
68;9713945;0;0.1;10;15;kempe;instances/le450_15a.col;450;8168
70;9814312;8;0.1;10;15;kempe;instances/le450_15a.col;450;8168
