94;27281230;1;0.1;10;25;kempe;instances/le450_25c.col;450;17343
94;27324767;7;0.1;10;25;kempe;instances/le450_25c.col;450;17343
95;27212684;7;0.1;10;25;kempe;instances/le450_25c.col;450;17343
91;27174738;9;0.1;10;25;kempe;instances/le450_25c.col;450;17343
96;27093024;4;0.1;10;25;kempe;instances/le450_25c.col;450;17343
96;27056034;8;0.1;10;25;kempe;instances/le450_25c.col;450;17343
95;27284167;4;0.1;10;25;kempe;instances/le450_25c.col;450;17343
99;27264480;5;0.1;10;25;kempe;instances/le450_25c.col;450;17343
97;27194761;2;0.1;10;25;kempe;instances/le450_25c.col;450;17343
99;26989418;2;0.1;10;25;kempe;instances/le450_25c.col;450;17343
92;26779629;4;0.1;10;25;kempe;instances/le450_25c.col;450;17343
93;26844422;1;0.1;10;25;kempe;instances/le450_25c.col;450;17343
87;26937096;2;0.1;10;25;kempe;instances/le450_25c.col;450;17343
99;26893863;3;0.1;10;25;kempe;instances/le450_25c.col;450;17343
93;27105454;4;0.1;10;25;kempe;instances/le450_25c.col;450;17343
99;27156880;4;0.1;10;25;kempe;instances/le450_25c.col;450;17343
98;27154741;3;0.1;10;25;kempe;instances/le450_25c.col;450;17343
96;27262365;1;0.1;10;25;kempe;instances/le450_25c.col;450;17343
95;27335316;6;0.1;10;25;kempe;instances/le450_25c.col;450;17343
96;27163508;4;0.1;10;25;kempe;instances/le450_25c.col;450;17343
98;27006978;4;0.1;10;25;kempe;instances/le450_25c.col;450;17343
93;26933253;1;0.1;10;25;kempe;instances/le450_25c.col;450;17343
92;27074563;7;0.1;10;25;kempe;instances/le450_25c.col;450;17343
98;27230523;0;0.1;10;25;kempe;instances/le450_25c.col;450;17343
94;27226135;3;0.1;10;25;kempe;instances/le450_25c.col;450;17343
