11;12216386;7;0.1;10;25;kempe;instances/le450_25a.col;450;8260
9;12206226;3;0.1;10;25;kempe;instances/le450_25a.col;450;8260
11;12251617;0;0.1;10;25;kempe;instances/le450_25a.col;450;8260
5;12138275;7;0.1;10;25;kempe;instances/le450_25a.col;450;8260
11;12180293;1;0.1;10;25;kempe;instances/le450_25a.col;450;8260
10;12169838;1;0.1;10;25;kempe;instances/le450_25a.col;450;8260
9;12219110;5;0.1;10;25;kempe;instances/le450_25a.col;450;8260
9;12150546;1;0.1;10;25;kempe;instances/le450_25a.col;450;8260
11;12203303;6;0.1;10;25;kempe;instances/le450_25a.col;450;8260
12;12207695;0;0.1;10;25;kempe;instances/le450_25a.col;450;8260
9;12244586;8;0.1;10;25;kempe;instances/le450_25a.col;450;8260
10;12193851;1;0.1;10;25;kempe;instances/le450_25a.col;450;8260
8;12196375;4;0.1;10;25;kempe;instances/le450_25a.col;450;8260
10;12225331;0;0.1;10;25;kempe;instances/le450_25a.col;450;8260
9;12196816;8;0.1;10;25;kempe;instances/le450_25a.col;450;8260
11;12177967;0;0.1;10;25;kempe;instances/le450_25a.col;450;8260
9;12127258;5;0.1;10;25;kempe;instances/le450_25a.col;450;8260
10;12142083;5;0.1;10;25;kempe;instances/le450_25a.col;450;8260
10;12139438;5;0.1;10;25;kempe;instances/le450_25a.col;450;8260
10;12128697;0;0.1;10;25;kempe;instances/le450_25a.col;450;8260
9;12119220;1;0.1;10;25;kempe;instances/le450_25a.col;450;8260
9;12157801;3;0.1;10;25;kempe;instances/le450_25a.col;450;8260
9;12060655;7;0.1;10;25;kempe;instances/le450_25a.col;450;8260
11;12192098;2;0.1;10;25;kempe;instances/le450_25a.col;450;8260
11;12226610;4;0.1;10;25;kempe;instances/le450_25a.col;450;8260
11;12485213;9;0.1;10;25;kempe;instances/le450_25a.col;450;8260
11;12391709;8;0.1;10;25;kempe;instances/le450_25a.col;450;8260
11;12436876;1;0.1;10;25;kempe;instances/le450_25a.col;450;8260
9;12409338;5;0.1;10;25;kempe;instances/le450_25a.col;450;8260
8;12388015;2;0.1;10;25;kempe;instances/le450_25a.col;450;8260
13;12348548;8;0.1;10;25;kempe;instances/le450_25a.col;450;8260
9;12314259;9;0.1;10;25;kempe;instances/le450_25a.col;450;8260
8;12352016;0;0.1;10;25;kempe;instances/le450_25a.col;450;8260
10;12432508;7;0.1;10;25;kempe;instances/le450_25a.col;450;8260
10;12462133;5;0.1;10;25;kempe;instances/le450_25a.col;450;8260
10;12378817;5;0.1;10;25;kempe;instances/le450_25a.col;450;8260
10;12379736;6;0.1;10;25;kempe;instances/le450_25a.col;450;8260
10;12395862;9;0.1;10;25;kempe;instances/le450_25a.col;450;8260
8;12384916;7;0.1;10;25;kempe;instances/le450_25a.col;450;8260
10;12321186;0;0.1;10;25;kempe;instances/le450_25a.col;450;8260
11;12362689;5;0.1;10;25;kempe;instances/le450_25a.col;450;8260
10;12319080;6;0.1;10;25;kempe;instances/le450_25a.col;450;8260
11;12343244;8;0.1;10;25;kempe;instances/le450_25a.col;450;8260
10;12354934;7;0.1;10;25;kempe;instances/le450_25a.col;450;8260
10;12268934;0;0.1;10;25;kempe;instances/le450_25a.col;450;8260
10;12273969;2;0.1;10;25;kempe;instances/le450_25a.col;450;8260
10;12273513;1;0.1;10;25;kempe;instances/le450_25a.col;450;8260
11;12285767;3;0.1;10;25;kempe;instances/le450_25a.col;450;8260
10;12328166;8;0.1;10;25;kempe;instances/le450_25a.col;450;8260
12;12322542;2;0.1;10;25;kempe;instances/le450_25a.col;450;8260
