69;9922917;5;0.1;10;15;kempe;instances/le450_15b.col;450;8169
68;9902284;3;0.1;10;15;kempe;instances/le450_15b.col;450;8169
58;9846786;5;0.1;10;15;kempe;instances/le450_15b.col;450;8169
65;9867938;3;0.1;10;15;kempe;instances/le450_15b.col;450;8169
64;9869178;2;0.1;10;15;kempe;instances/le450_15b.col;450;8169
70;9802297;2;0.1;10;15;kempe;instances/le450_15b.col;450;8169
64;9928690;6;0.1;10;15;kempe;instances/le450_15b.col;450;8169
67;9964065;6;0.1;10;15;kempe;instances/le450_15b.col;450;8169
70;9926453;1;0.1;10;15;kempe;instances/le450_15b.col;450;8169
62;9844046;5;0.1;10;15;kempe;instances/le450_15b.col;450;8169
64;9826464;9;0.1;10;15;kempe;instances/le450_15b.col;450;8169
69;9847610;0;0.1;10;15;kempe;instances/le450_15b.col;450;8169
65;9779506;8;0.1;10;15;kempe;instances/le450_15b.col;450;8169
67;9802378;6;0.1;10;15;kempe;instances/le450_15b.col;450;8169
70;9832280;1;0.1;10;15;kempe;instances/le450_15b.col;450;8169
66;9754546;7;0.1;10;15;kempe;instances/le450_15b.col;450;8169
67;9752484;0;0.1;10;15;kempe;instances/le450_15b.col;450;8169
68;9777402;0;0.1;10;15;kempe;instances/le450_15b.col;450;8169
65;9762787;0;0.1;10;15;kempe;instances/le450_15b.col;450;8169
67;9838683;9;0.1;10;15;kempe;instances/le450_15b.col;450;8169
69;9754350;8;0.1;10;15;kempe;instances/le450_15b.col;450;8169
64;9732436;2;0.1;10;15;kempe;instances/le450_15b.col;450;8169
64;9840702;8;0.1;10;15;kempe;instances/le450_15b.col;450;8169
67;9799127;1;0.1;10;15;kempe;instances/le450_15b.col;450;8169
66;9793256;5;0.1;10;15;kempe;instances/le450_15b.col;450;8169
68;9906368;3;0.1;10;15;kempe;instances/le450_15b.col;450;8169
69;9844690;5;0.1;10;15;kempe;instances/le450_15b.col;450;8169
69;9936989;7;0.1;10;15;kempe;instances/le450_15b.col;450;8169
66;9795007;5;0.1;10;15;kempe;instances/le450_15b.col;450;8169
69;9815196;7;0.1;10;15;kempe;instances/le450_15b.col;450;8169
69;9813449;9;0.1;10;15;kempe;instances/le450_15b.col;450;8169
66;9787565;6;0.1;10;15;kempe;instances/le450_15b.col;450;8169
67;9847556;5;0.1;10;15;kempe;instances/le450_15b.col;450;8169
69;9762521;2;0.1;10;15;kempe;instances/le450_15b.col;450;8169
68;9777671;0;0.1;10;15;kempe;instances/le450_15b.col;450;8169
66;9772953;1;0.1;10;15;kempe;instances/le450_15b.col;450;8169
65;9753874;2;0.1;10;15;kempe;instances/le450_15b.col;450;8169
69;9722145;7;0.1;10;15;kempe;instances/le450_15b.col;450;8169
62;9816836;6;0.1;10;15;kempe;instances/le450_15b.col;450;8169
66;9729815;3;0.1;10;15;kempe;instances/le450_15b.col;450;8169
64;9769424;8;0.1;10;15;kempe;instances/le450_15b.col;450;8169
65;9898314;0;0.1;10;15;kempe;instances/le450_15b.col;450;8169
65;9846517;6;0.1;10;15;kempe;instances/le450_15b.col;450;8169
62;9950553;3;0.1;10;15;kempe;instances/le450_15b.col;450;8169
63;9841133;5;0.1;10;15;kempe;instances/le450_15b.col;450;8169
66;9839782;4;0.1;10;15;kempe;instances/le450_15b.col;450;8169
66;9853645;9;0.1;10;15;kempe;instances/le450_15b.col;450;8169
66;9865165;5;0.1;10;15;kempe;instances/le450_15b.col;450;8169
67;9827035;4;0.1;10;15;kempe;instances/le450_15b.col;450;8169
65;9838686;8;0.1;10;15;kempe;instances/le450_15b.col;450;8169
