92;27216737;2;0.1;10;25;kempe;instances/le450_25d.col;450;17425
94;27293557;7;0.1;10;25;kempe;instances/le450_25d.col;450;17425
97;27184272;7;0.1;10;25;kempe;instances/le450_25d.col;450;17425
95;27155267;0;0.1;10;25;kempe;instances/le450_25d.col;450;17425
99;27040766;1;0.1;10;25;kempe;instances/le450_25d.col;450;17425
94;27283744;7;0.1;10;25;kempe;instances/le450_25d.col;450;17425
102;27445498;0;0.1;10;25;kempe;instances/le450_25d.col;450;17425
97;27281043;5;0.1;10;25;kempe;instances/le450_25d.col;450;17425
94;27177229;1;0.1;10;25;kempe;instances/le450_25d.col;450;17425
94;27170898;5;0.1;10;25;kempe;instances/le450_25d.col;450;17425
94;27070472;8;0.1;10;25;kempe;instances/le450_25d.col;450;17425
92;27094720;2;0.1;10;25;kempe;instances/le450_25d.col;450;17425
94;27051069;8;0.1;10;25;kempe;instances/le450_25d.col;450;17425
95;27106188;6;0.1;10;25;kempe;instances/le450_25d.col;450;17425
94;27035854;6;0.1;10;25;kempe;instances/le450_25d.col;450;17425
97;26950404;6;0.1;10;25;kempe;instances/le450_25d.col;450;17425
95;27252082;7;0.1;10;25;kempe;instances/le450_25d.col;450;17425
95;27132744;5;0.1;10;25;kempe;instances/le450_25d.col;450;17425
94;27005979;2;0.1;10;25;kempe;instances/le450_25d.col;450;17425
93;26884520;4;0.1;10;25;kempe;instances/le450_25d.col;450;17425
100;27034946;1;0.1;10;25;kempe;instances/le450_25d.col;450;17425
94;27055494;8;0.1;10;25;kempe;instances/le450_25d.col;450;17425
93;27192349;3;0.1;10;25;kempe;instances/le450_25d.col;450;17425
91;27159558;5;0.1;10;25;kempe;instances/le450_25d.col;450;17425
95;27212453;2;0.1;10;25;kempe;instances/le450_25d.col;450;17425
91;26872941;9;0.1;10;25;kempe;instances/le450_25d.col;450;17425
98;26892360;6;0.1;10;25;kempe;instances/le450_25d.col;450;17425
94;27023324;0;0.1;10;25;kempe;instances/le450_25d.col;450;17425
100;27091820;7;0.1;10;25;kempe;instances/le450_25d.col;450;17425
96;26768338;3;0.1;10;25;kempe;instances/le450_25d.col;450;17425
94;26781170;6;0.1;10;25;kempe;instances/le450_25d.col;450;17425
92;26757572;8;0.1;10;25;kempe;instances/le450_25d.col;450;17425
96;26697018;1;0.1;10;25;kempe;instances/le450_25d.col;450;17425
96;26656938;7;0.1;10;25;kempe;instances/le450_25d.col;450;17425
96;26813281;0;0.1;10;25;kempe;instances/le450_25d.col;450;17425
93;27106584;7;0.1;10;25;kempe;instances/le450_25d.col;450;17425
96;27298266;5;0.1;10;25;kempe;instances/le450_25d.col;450;17425
96;27190987;5;0.1;10;25;kempe;instances/le450_25d.col;450;17425
95;27032825;1;0.1;10;25;kempe;instances/le450_25d.col;450;17425
92;26893219;8;0.1;10;25;kempe;instances/le450_25d.col;450;17425
96;26595257;7;0.1;10;25;kempe;instances/le450_25d.col;450;17425
94;26678953;3;0.1;10;25;kempe;instances/le450_25d.col;450;17425
100;26832296;0;0.1;10;25;kempe;instances/le450_25d.col;450;17425
97;26954754;1;0.1;10;25;kempe;instances/le450_25d.col;450;17425
92;27130694;2;0.1;10;25;kempe;instances/le450_25d.col;450;17425
97;27134435;8;0.1;10;25;kempe;instances/le450_25d.col;450;17425
92;26938472;7;0.1;10;25;kempe;instances/le450_25d.col;450;17425
92;26826531;2;0.1;10;25;kempe;instances/le450_25d.col;450;17425
93;26742916;0;0.1;10;25;kempe;instances/le450_25d.col;450;17425
89;26970000;6;0.1;10;25;kempe;instances/le450_25d.col;450;17425
