7;12122413;1;0.1;10;25;kempe;instances/le450_25b.col;450;8263
6;12096457;7;0.1;10;25;kempe;instances/le450_25b.col;450;8263
9;12172639;3;0.1;10;25;kempe;instances/le450_25b.col;450;8263
8;12147369;3;0.1;10;25;kempe;instances/le450_25b.col;450;8263
6;12127039;5;0.1;10;25;kempe;instances/le450_25b.col;450;8263
8;12145730;6;0.1;10;25;kempe;instances/le450_25b.col;450;8263
7;12058700;4;0.1;10;25;kempe;instances/le450_25b.col;450;8263
9;12087201;6;0.1;10;25;kempe;instances/le450_25b.col;450;8263
8;12026129;9;0.1;10;25;kempe;instances/le450_25b.col;450;8263
9;12077135;8;0.1;10;25;kempe;instances/le450_25b.col;450;8263
8;12108367;4;0.1;10;25;kempe;instances/le450_25b.col;450;8263
9;12176655;0;0.1;10;25;kempe;instances/le450_25b.col;450;8263
8;12185283;9;0.1;10;25;kempe;instances/le450_25b.col;450;8263
9;12159426;1;0.1;10;25;kempe;instances/le450_25b.col;450;8263
9;12082092;2;0.1;10;25;kempe;instances/le450_25b.col;450;8263
7;12085658;7;0.1;10;25;kempe;instances/le450_25b.col;450;8263
9;12038012;3;0.1;10;25;kempe;instances/le450_25b.col;450;8263
6;12054526;9;0.1;10;25;kempe;instances/le450_25b.col;450;8263
9;12069970;6;0.1;10;25;kempe;instances/le450_25b.col;450;8263
10;11963072;1;0.1;10;25;kempe;instances/le450_25b.col;450;8263
7;12028799;5;0.1;10;25;kempe;instances/le450_25b.col;450;8263
8;11982834;6;0.1;10;25;kempe;instances/le450_25b.col;450;8263
8;11978835;6;0.1;10;25;kempe;instances/le450_25b.col;450;8263
7;11915827;4;0.1;10;25;kempe;instances/le450_25b.col;450;8263
9;12002615;0;0.1;10;25;kempe;instances/le450_25b.col;450;8263
9;12322736;5;0.1;10;25;kempe;instances/le450_25b.col;450;8263
10;12288717;1;0.1;10;25;kempe;instances/le450_25b.col;450;8263
9;12302021;1;0.1;10;25;kempe;instances/le450_25b.col;450;8263
7;12255909;0;0.1;10;25;kempe;instances/le450_25b.col;450;8263
7;12196621;9;0.1;10;25;kempe;instances/le450_25b.col;450;8263
8;12305955;4;0.1;10;25;kempe;instances/le450_25b.col;450;8263
8;12247478;3;0.1;10;25;kempe;instances/le450_25b.col;450;8263
8;12282288;3;0.1;10;25;kempe;instances/le450_25b.col;450;8263
7;12303746;9;0.1;10;25;kempe;instances/le450_25b.col;450;8263
10;12297388;9;0.1;10;25;kempe;instances/le450_25b.col;450;8263
8;12250954;5;0.1;10;25;kempe;instances/le450_25b.col;450;8263
9;12267231;2;0.1;10;25;kempe;instances/le450_25b.col;450;8263
8;12221902;9;0.1;10;25;kempe;instances/le450_25b.col;450;8263
9;12289775;0;0.1;10;25;kempe;instances/le450_25b.col;450;8263
9;12160303;4;0.1;10;25;kempe;instances/le450_25b.col;450;8263
8;12216086;8;0.1;10;25;kempe;instances/le450_25b.col;450;8263
10;12183050;7;0.1;10;25;kempe;instances/le450_25b.col;450;8263
7;12141151;6;0.1;10;25;kempe;instances/le450_25b.col;450;8263
7;12202579;4;0.1;10;25;kempe;instances/le450_25b.col;450;8263
9;12222552;4;0.1;10;25;kempe;instances/le450_25b.col;450;8263
7;12238989;7;0.1;10;25;kempe;instances/le450_25b.col;450;8263
9;12257341;9;0.1;10;25;kempe;instances/le450_25b.col;450;8263
7;12301539;4;0.1;10;25;kempe;instances/le450_25b.col;450;8263
6;12396941;4;0.1;10;25;kempe;instances/le450_25b.col;450;8263
9;12378541;6;0.1;10;25;kempe;instances/le450_25b.col;450;8263
