323;19628077;4;0.1;10;15;kempe;instances/le450_15d.col;450;16750
322;19606753;5;0.1;10;15;kempe;instances/le450_15d.col;450;16750
307;19556191;4;0.1;10;15;kempe;instances/le450_15d.col;450;16750
327;19588854;2;0.1;10;15;kempe;instances/le450_15d.col;450;16750
327;19535180;0;0.1;10;15;kempe;instances/le450_15d.col;450;16750
311;19386061;9;0.1;10;15;kempe;instances/le450_15d.col;450;16750
321;19336306;5;0.1;10;15;kempe;instances/le450_15d.col;450;16750
318;19396015;5;0.1;10;15;kempe;instances/le450_15d.col;450;16750
324;19338288;7;0.1;10;15;kempe;instances/le450_15d.col;450;16750
318;19383292;9;0.1;10;15;kempe;instances/le450_15d.col;450;16750
316;19362446;3;0.1;10;15;kempe;instances/le450_15d.col;450;16750
321;19526334;4;0.1;10;15;kempe;instances/le450_15d.col;450;16750
323;19386717;0;0.1;10;15;kempe;instances/le450_15d.col;450;16750
327;19452989;7;0.1;10;15;kempe;instances/le450_15d.col;450;16750
316;19564586;9;0.1;10;15;kempe;instances/le450_15d.col;450;16750
319;19488236;9;0.1;10;15;kempe;instances/le450_15d.col;450;16750
308;19348135;9;0.1;10;15;kempe;instances/le450_15d.col;450;16750
317;19218420;2;0.1;10;15;kempe;instances/le450_15d.col;450;16750
318;19254530;9;0.1;10;15;kempe;instances/le450_15d.col;450;16750
318;19327246;6;0.1;10;15;kempe;instances/le450_15d.col;450;16750
316;19284400;5;0.1;10;15;kempe;instances/le450_15d.col;450;16750
319;20249130;7;0.1;10;15;kempe;instances/le450_15d.col;450;16750
327;19272780;1;0.1;10;15;kempe;instances/le450_15d.col;450;16750
315;19354387;4;0.1;10;15;kempe;instances/le450_15d.col;450;16750
320;19412804;6;0.1;10;15;kempe;instances/le450_15d.col;450;16750
