317;19396245;1;0.1;10;15;kempe;instances/le450_15c.col;450;16680
302;19369648;6;0.1;10;15;kempe;instances/le450_15c.col;450;16680
311;19428313;4;0.1;10;15;kempe;instances/le450_15c.col;450;16680
321;19359913;9;0.1;10;15;kempe;instances/le450_15c.col;450;16680
315;19396783;9;0.1;10;15;kempe;instances/le450_15c.col;450;16680
312;19505057;4;0.1;10;15;kempe;instances/le450_15c.col;450;16680
308;19419604;1;0.1;10;15;kempe;instances/le450_15c.col;450;16680
318;19531877;8;0.1;10;15;kempe;instances/le450_15c.col;450;16680
324;19362775;8;0.1;10;15;kempe;instances/le450_15c.col;450;16680
326;19343753;1;0.1;10;15;kempe;instances/le450_15c.col;450;16680
315;19350818;3;0.1;10;15;kempe;instances/le450_15c.col;450;16680
317;19356421;3;0.1;10;15;kempe;instances/le450_15c.col;450;16680
323;19460270;7;0.1;10;15;kempe;instances/le450_15c.col;450;16680
314;19477479;3;0.1;10;15;kempe;instances/le450_15c.col;450;16680
310;19373784;3;0.1;10;15;kempe;instances/le450_15c.col;450;16680
314;19361275;9;0.1;10;15;kempe;instances/le450_15c.col;450;16680
309;19422896;4;0.1;10;15;kempe;instances/le450_15c.col;450;16680
317;19536779;2;0.1;10;15;kempe;instances/le450_15c.col;450;16680
306;19535278;9;0.1;10;15;kempe;instances/le450_15c.col;450;16680
321;19546703;7;0.1;10;15;kempe;instances/le450_15c.col;450;16680
313;19539481;6;0.1;10;15;kempe;instances/le450_15c.col;450;16680
322;19342164;1;0.1;10;15;kempe;instances/le450_15c.col;450;16680
318;19382130;7;0.1;10;15;kempe;instances/le450_15c.col;450;16680
311;19227755;7;0.1;10;15;kempe;instances/le450_15c.col;450;16680
316;19170034;8;0.1;10;15;kempe;instances/le450_15c.col;450;16680
322;19750732;0;0.1;10;15;kempe;instances/le450_15c.col;450;16680
319;19736757;6;0.1;10;15;kempe;instances/le450_15c.col;450;16680
320;19833673;1;0.1;10;15;kempe;instances/le450_15c.col;450;16680
313;19785221;3;0.1;10;15;kempe;instances/le450_15c.col;450;16680
305;19782976;8;0.1;10;15;kempe;instances/le450_15c.col;450;16680
314;19715714;8;0.1;10;15;kempe;instances/le450_15c.col;450;16680
322;19752035;4;0.1;10;15;kempe;instances/le450_15c.col;450;16680
316;19580112;2;0.1;10;15;kempe;instances/le450_15c.col;450;16680
312;19635945;1;0.1;10;15;kempe;instances/le450_15c.col;450;16680
322;19702438;2;0.1;10;15;kempe;instances/le450_15c.col;450;16680
317;19409552;1;0.1;10;15;kempe;instances/le450_15c.col;450;16680
319;19409405;4;0.1;10;15;kempe;instances/le450_15c.col;450;16680
316;19528783;3;0.1;10;15;kempe;instances/le450_15c.col;450;16680
319;19560993;6;0.1;10;15;kempe;instances/le450_15c.col;450;16680
320;19550014;3;0.1;10;15;kempe;instances/le450_15c.col;450;16680
307;19560063;8;0.1;10;15;kempe;instances/le450_15c.col;450;16680
326;19581736;3;0.1;10;15;kempe;instances/le450_15c.col;450;16680
311;19621535;3;0.1;10;15;kempe;instances/le450_15c.col;450;16680
317;19704277;2;0.1;10;15;kempe;instances/le450_15c.col;450;16680
317;19816354;7;0.1;10;15;kempe;instances/le450_15c.col;450;16680
326;19737930;2;0.1;10;15;kempe;instances/le450_15c.col;450;16680
317;19673861;3;0.1;10;15;kempe;instances/le450_15c.col;450;16680
304;19687457;3;0.1;10;15;kempe;instances/le450_15c.col;450;16680
320;19659165;7;0.1;10;15;kempe;instances/le450_15c.col;450;16680
315;19772226;7;0.1;10;15;kempe;instances/le450_15c.col;450;16680
