102;4875685687;2;0.1;10;60;kempe;instances/qg.order60.col;3600;212400
102;4866479427;5;0.1;10;60;kempe;instances/qg.order60.col;3600;212400
94;4880490657;3;0.1;10;60;kempe;instances/qg.order60.col;3600;212400
101;4840163768;1;0.1;10;60;kempe;instances/qg.order60.col;3600;212400
93;4830111655;2;0.1;10;60;kempe;instances/qg.order60.col;3600;212400
101;4851130198;1;0.1;10;60;kempe;instances/qg.order60.col;3600;212400
99;4851864803;4;0.1;10;60;kempe;instances/qg.order60.col;3600;212400
101;4850379756;1;0.1;10;60;kempe;instances/qg.order60.col;3600;212400
99;4829202165;2;0.1;10;60;kempe;instances/qg.order60.col;3600;212400
100;4802735181;0;0.1;10;60;kempe;instances/qg.order60.col;3600;212400
104;4811594175;5;0.1;10;60;kempe;instances/qg.order60.col;3600;212400
102;4815137270;4;0.1;10;60;kempe;instances/qg.order60.col;3600;212400
98;4829909541;1;0.1;10;60;kempe;instances/qg.order60.col;3600;212400
93;4869850166;6;0.1;10;60;kempe;instances/qg.order60.col;3600;212400
101;4836705523;2;0.1;10;60;kempe;instances/qg.order60.col;3600;212400
102;4870733482;3;0.1;10;60;kempe;instances/qg.order60.col;3600;212400
97;4882863266;6;0.1;10;60;kempe;instances/qg.order60.col;3600;212400
97;4874921494;8;0.1;10;60;kempe;instances/qg.order60.col;3600;212400
99;4862878499;4;0.1;10;60;kempe;instances/qg.order60.col;3600;212400
99;4882680228;1;0.1;10;60;kempe;instances/qg.order60.col;3600;212400
100;4874461037;2;0.1;10;60;kempe;instances/qg.order60.col;3600;212400
94;4883744371;7;0.1;10;60;kempe;instances/qg.order60.col;3600;212400
101;4858440586;2;0.1;10;60;kempe;instances/qg.order60.col;3600;212400
98;4850964783;1;0.1;10;60;kempe;instances/qg.order60.col;3600;212400
102;4858080269;4;0.1;10;60;kempe;instances/qg.order60.col;3600;212400
