68;39407149;94;0.8;100;4;one;instances/ash608GPIA.col;1216;7844
62;39414782;50;0.8;100;4;one;instances/ash608GPIA.col;1216;7844
71;39155519;34;0.8;100;4;one;instances/ash608GPIA.col;1216;7844
62;39142057;78;0.8;100;4;one;instances/ash608GPIA.col;1216;7844
60;39077320;70;0.8;100;4;one;instances/ash608GPIA.col;1216;7844
65;38858721;74;0.8;100;4;one;instances/ash608GPIA.col;1216;7844
72;38594144;4;0.8;100;4;one;instances/ash608GPIA.col;1216;7844
63;38578305;81;0.8;100;4;one;instances/ash608GPIA.col;1216;7844
69;38423856;12;0.8;100;4;one;instances/ash608GPIA.col;1216;7844
54;38061794;3;0.8;100;4;one;instances/ash608GPIA.col;1216;7844
69;37905197;11;0.8;100;4;one;instances/ash608GPIA.col;1216;7844
52;38445213;71;0.8;100;4;one;instances/ash608GPIA.col;1216;7844
68;38647917;1;0.8;100;4;one;instances/ash608GPIA.col;1216;7844
66;38551040;18;0.8;100;4;one;instances/ash608GPIA.col;1216;7844
61;38974668;58;0.8;100;4;one;instances/ash608GPIA.col;1216;7844
56;38715051;31;0.8;100;4;one;instances/ash608GPIA.col;1216;7844
69;38563614;48;0.8;100;4;one;instances/ash608GPIA.col;1216;7844
68;38624129;72;0.8;100;4;one;instances/ash608GPIA.col;1216;7844
68;38837192;57;0.8;100;4;one;instances/ash608GPIA.col;1216;7844
51;38535089;14;0.8;100;4;one;instances/ash608GPIA.col;1216;7844
69;38575652;57;0.8;100;4;one;instances/ash608GPIA.col;1216;7844
68;38631025;12;0.8;100;4;one;instances/ash608GPIA.col;1216;7844
64;38199520;97;0.8;100;4;one;instances/ash608GPIA.col;1216;7844
68;38168907;66;0.8;100;4;one;instances/ash608GPIA.col;1216;7844
68;38568778;10;0.8;100;4;one;instances/ash608GPIA.col;1216;7844
