134;169523960;79;0.8;100;48;one;instances/DSJC500.5.col;500;62624
139;168632250;57;0.8;100;48;one;instances/DSJC500.5.col;500;62624
130;176303179;59;0.8;100;48;one;instances/DSJC500.5.col;500;62624
139;164648692;43;0.8;100;48;one;instances/DSJC500.5.col;500;62624
132;168435493;41;0.8;100;48;one;instances/DSJC500.5.col;500;62624
135;166300392;67;0.8;100;48;one;instances/DSJC500.5.col;500;62624
138;173637187;88;0.8;100;48;one;instances/DSJC500.5.col;500;62624
139;168617236;66;0.8;100;48;one;instances/DSJC500.5.col;500;62624
139;169937005;16;0.8;100;48;one;instances/DSJC500.5.col;500;62624
134;169524626;10;0.8;100;48;one;instances/DSJC500.5.col;500;62624
140;172381858;79;0.8;100;48;one;instances/DSJC500.5.col;500;62624
143;174150792;83;0.8;100;48;one;instances/DSJC500.5.col;500;62624
136;174187504;85;0.8;100;48;one;instances/DSJC500.5.col;500;62624
126;175334854;67;0.8;100;48;one;instances/DSJC500.5.col;500;62624
134;171850008;2;0.8;100;48;one;instances/DSJC500.5.col;500;62624
139;174495200;80;0.8;100;48;one;instances/DSJC500.5.col;500;62624
137;172584450;96;0.8;100;48;one;instances/DSJC500.5.col;500;62624
138;175036014;86;0.8;100;48;one;instances/DSJC500.5.col;500;62624
131;170761516;69;0.8;100;48;one;instances/DSJC500.5.col;500;62624
122;171593622;22;0.8;100;48;one;instances/DSJC500.5.col;500;62624
134;175445681;78;0.8;100;48;one;instances/DSJC500.5.col;500;62624
133;175846033;38;0.8;100;48;one;instances/DSJC500.5.col;500;62624
124;173686259;3;0.8;100;48;one;instances/DSJC500.5.col;500;62624
140;175531539;41;0.8;100;48;one;instances/DSJC500.5.col;500;62624
135;169539282;76;0.8;100;48;one;instances/DSJC500.5.col;500;62624
134;167437264;22;0.8;100;48;one;instances/DSJC500.5.col;500;62624
137;172750663;32;0.8;100;48;one;instances/DSJC500.5.col;500;62624
133;173361822;50;0.8;100;48;one;instances/DSJC500.5.col;500;62624
137;171843951;17;0.8;100;48;one;instances/DSJC500.5.col;500;62624
137;170175890;0;0.8;100;48;one;instances/DSJC500.5.col;500;62624
134;171734844;5;0.8;100;48;one;instances/DSJC500.5.col;500;62624
136;172972238;51;0.8;100;48;one;instances/DSJC500.5.col;500;62624
138;171444994;62;0.8;100;48;one;instances/DSJC500.5.col;500;62624
134;171611553;51;0.8;100;48;one;instances/DSJC500.5.col;500;62624
139;171474665;42;0.8;100;48;one;instances/DSJC500.5.col;500;62624
134;171791669;99;0.8;100;48;one;instances/DSJC500.5.col;500;62624
138;171306368;23;0.8;100;48;one;instances/DSJC500.5.col;500;62624
142;169472957;73;0.8;100;48;one;instances/DSJC500.5.col;500;62624
139;172669766;61;0.8;100;48;one;instances/DSJC500.5.col;500;62624
135;170655676;39;0.8;100;48;one;instances/DSJC500.5.col;500;62624
136;169487475;57;0.8;100;48;one;instances/DSJC500.5.col;500;62624
134;172688298;55;0.8;100;48;one;instances/DSJC500.5.col;500;62624
138;170632745;46;0.8;100;48;one;instances/DSJC500.5.col;500;62624
134;170762160;90;0.8;100;48;one;instances/DSJC500.5.col;500;62624
136;169826412;16;0.8;100;48;one;instances/DSJC500.5.col;500;62624
135;171869926;31;0.8;100;48;one;instances/DSJC500.5.col;500;62624
136;171269588;72;0.8;100;48;one;instances/DSJC500.5.col;500;62624
132;171738243;93;0.8;100;48;one;instances/DSJC500.5.col;500;62624
137;170630233;80;0.8;100;48;one;instances/DSJC500.5.col;500;62624
135;171092818;30;0.8;100;48;one;instances/DSJC500.5.col;500;62624
