103;26908202;45;0.8;100;12;one;instances/DSJC500.1.col;500;12458
105;26965992;76;0.8;100;12;one;instances/DSJC500.1.col;500;12458
101;26743207;27;0.8;100;12;one;instances/DSJC500.1.col;500;12458
98;24501658;79;0.8;100;12;one;instances/DSJC500.1.col;500;12458
107;26932545;29;0.8;100;12;one;instances/DSJC500.1.col;500;12458
97;26843145;45;0.8;100;12;one;instances/DSJC500.1.col;500;12458
110;26888712;42;0.8;100;12;one;instances/DSJC500.1.col;500;12458
102;24331893;81;0.8;100;12;one;instances/DSJC500.1.col;500;12458
105;26789261;47;0.8;100;12;one;instances/DSJC500.1.col;500;12458
101;26725688;42;0.8;100;12;one;instances/DSJC500.1.col;500;12458
104;26945506;95;0.8;100;12;one;instances/DSJC500.1.col;500;12458
104;27037099;65;0.8;100;12;one;instances/DSJC500.1.col;500;12458
105;24439815;12;0.8;100;12;one;instances/DSJC500.1.col;500;12458
102;26918095;14;0.8;100;12;one;instances/DSJC500.1.col;500;12458
102;27966295;96;0.8;100;12;one;instances/DSJC500.1.col;500;12458
101;26703623;74;0.8;100;12;one;instances/DSJC500.1.col;500;12458
99;24328427;61;0.8;100;12;one;instances/DSJC500.1.col;500;12458
98;26640046;20;0.8;100;12;one;instances/DSJC500.1.col;500;12458
102;26507754;33;0.8;100;12;one;instances/DSJC500.1.col;500;12458
96;26449872;28;0.8;100;12;one;instances/DSJC500.1.col;500;12458
105;24229875;45;0.8;100;12;one;instances/DSJC500.1.col;500;12458
108;26807491;4;0.8;100;12;one;instances/DSJC500.1.col;500;12458
103;27304724;70;0.8;100;12;one;instances/DSJC500.1.col;500;12458
107;26655366;8;0.8;100;12;one;instances/DSJC500.1.col;500;12458
107;24012864;1;0.8;100;12;one;instances/DSJC500.1.col;500;12458
100;25798094;95;0.8;100;12;one;instances/DSJC500.1.col;500;12458
102;25532845;2;0.8;100;12;one;instances/DSJC500.1.col;500;12458
104;25432424;16;0.8;100;12;one;instances/DSJC500.1.col;500;12458
102;25514947;18;0.8;100;12;one;instances/DSJC500.1.col;500;12458
105;25426668;61;0.8;100;12;one;instances/DSJC500.1.col;500;12458
101;26359131;94;0.8;100;12;one;instances/DSJC500.1.col;500;12458
103;25296000;70;0.8;100;12;one;instances/DSJC500.1.col;500;12458
103;25286906;81;0.8;100;12;one;instances/DSJC500.1.col;500;12458
105;25435705;27;0.8;100;12;one;instances/DSJC500.1.col;500;12458
103;25519897;89;0.8;100;12;one;instances/DSJC500.1.col;500;12458
102;26491471;64;0.8;100;12;one;instances/DSJC500.1.col;500;12458
102;25547844;38;0.8;100;12;one;instances/DSJC500.1.col;500;12458
105;25303503;96;0.8;100;12;one;instances/DSJC500.1.col;500;12458
103;25387236;49;0.8;100;12;one;instances/DSJC500.1.col;500;12458
100;25321940;75;0.8;100;12;one;instances/DSJC500.1.col;500;12458
107;25198348;65;0.8;100;12;one;instances/DSJC500.1.col;500;12458
107;26293617;98;0.8;100;12;one;instances/DSJC500.1.col;500;12458
103;25271366;82;0.8;100;12;one;instances/DSJC500.1.col;500;12458
104;25372435;45;0.8;100;12;one;instances/DSJC500.1.col;500;12458
104;25316616;47;0.8;100;12;one;instances/DSJC500.1.col;500;12458
96;25291351;15;0.8;100;12;one;instances/DSJC500.1.col;500;12458
101;26340972;78;0.8;100;12;one;instances/DSJC500.1.col;500;12458
106;25399192;27;0.8;100;12;one;instances/DSJC500.1.col;500;12458
106;25509320;95;0.8;100;12;one;instances/DSJC500.1.col;500;12458
102;25480096;45;0.8;100;12;one;instances/DSJC500.1.col;500;12458
