35;5435749;3;0.8;100;8;one;instances/DSJC250.1.col;250;3218
36;3795016;50;0.8;100;8;one;instances/DSJC250.1.col;250;3218
32;3355448;47;0.8;100;8;one;instances/DSJC250.1.col;250;3218
31;3174984;4;0.8;100;8;one;instances/DSJC250.1.col;250;3218
31;3187559;87;0.8;100;8;one;instances/DSJC250.1.col;250;3218
37;3157495;49;0.8;100;8;one;instances/DSJC250.1.col;250;3218
34;3290557;73;0.8;100;8;one;instances/DSJC250.1.col;250;3218
35;3241423;10;0.8;100;8;one;instances/DSJC250.1.col;250;3218
36;3460109;74;0.8;100;8;one;instances/DSJC250.1.col;250;3218
30;3232602;18;0.8;100;8;one;instances/DSJC250.1.col;250;3218
34;5586972;25;0.8;100;8;one;instances/DSJC250.1.col;250;3218
35;3380903;73;0.8;100;8;one;instances/DSJC250.1.col;250;3218
35;3168977;32;0.8;100;8;one;instances/DSJC250.1.col;250;3218
38;3168864;24;0.8;100;8;one;instances/DSJC250.1.col;250;3218
32;3191148;54;0.8;100;8;one;instances/DSJC250.1.col;250;3218
37;3140043;35;0.8;100;8;one;instances/DSJC250.1.col;250;3218
33;3142214;83;0.8;100;8;one;instances/DSJC250.1.col;250;3218
34;3151055;25;0.8;100;8;one;instances/DSJC250.1.col;250;3218
33;3417777;44;0.8;100;8;one;instances/DSJC250.1.col;250;3218
35;3138731;13;0.8;100;8;one;instances/DSJC250.1.col;250;3218
36;5568028;65;0.8;100;8;one;instances/DSJC250.1.col;250;3218
35;3278164;91;0.8;100;8;one;instances/DSJC250.1.col;250;3218
32;3097775;54;0.8;100;8;one;instances/DSJC250.1.col;250;3218
33;3111636;4;0.8;100;8;one;instances/DSJC250.1.col;250;3218
34;3106945;93;0.8;100;8;one;instances/DSJC250.1.col;250;3218
