53;18882538;96;0.8;100;28;one;instances/DSJC250.5.col;250;15668
58;21005492;39;0.8;100;28;one;instances/DSJC250.5.col;250;15668
60;20746953;78;0.8;100;28;one;instances/DSJC250.5.col;250;15668
56;18373791;49;0.8;100;28;one;instances/DSJC250.5.col;250;15668
54;20551657;57;0.8;100;28;one;instances/DSJC250.5.col;250;15668
56;17763907;32;0.8;100;28;one;instances/DSJC250.5.col;250;15668
53;20264623;6;0.8;100;28;one;instances/DSJC250.5.col;250;15668
53;18020697;19;0.8;100;28;one;instances/DSJC250.5.col;250;15668
58;20032881;1;0.8;100;28;one;instances/DSJC250.5.col;250;15668
59;20164582;10;0.8;100;28;one;instances/DSJC250.5.col;250;15668
56;17730354;14;0.8;100;28;one;instances/DSJC250.5.col;250;15668
57;19975849;52;0.8;100;28;one;instances/DSJC250.5.col;250;15668
53;17895675;45;0.8;100;28;one;instances/DSJC250.5.col;250;15668
57;20171477;88;0.8;100;28;one;instances/DSJC250.5.col;250;15668
57;17620948;28;0.8;100;28;one;instances/DSJC250.5.col;250;15668
55;20188853;17;0.8;100;28;one;instances/DSJC250.5.col;250;15668
58;17056331;28;0.8;100;28;one;instances/DSJC250.5.col;250;15668
58;20152730;54;0.8;100;28;one;instances/DSJC250.5.col;250;15668
50;17431862;61;0.8;100;28;one;instances/DSJC250.5.col;250;15668
55;19736920;15;0.8;100;28;one;instances/DSJC250.5.col;250;15668
58;19986396;67;0.8;100;28;one;instances/DSJC250.5.col;250;15668
57;17166810;40;0.8;100;28;one;instances/DSJC250.5.col;250;15668
56;20264894;72;0.8;100;28;one;instances/DSJC250.5.col;250;15668
49;17389378;24;0.8;100;28;one;instances/DSJC250.5.col;250;15668
57;20586324;44;0.8;100;28;one;instances/DSJC250.5.col;250;15668
