226;219805135;7;0.8;100;20;one;instances/DSJC1000.1.col;1000;49629
232;219154969;19;0.8;100;20;one;instances/DSJC1000.1.col;1000;49629
231;217921373;27;0.8;100;20;one;instances/DSJC1000.1.col;1000;49629
226;217470706;77;0.8;100;20;one;instances/DSJC1000.1.col;1000;49629
233;217023348;50;0.8;100;20;one;instances/DSJC1000.1.col;1000;49629
227;221020564;50;0.8;100;20;one;instances/DSJC1000.1.col;1000;49629
223;219283697;52;0.8;100;20;one;instances/DSJC1000.1.col;1000;49629
228;214633285;59;0.8;100;20;one;instances/DSJC1000.1.col;1000;49629
228;216370812;64;0.8;100;20;one;instances/DSJC1000.1.col;1000;49629
235;215890176;75;0.8;100;20;one;instances/DSJC1000.1.col;1000;49629
234;220030835;69;0.8;100;20;one;instances/DSJC1000.1.col;1000;49629
236;217093841;86;0.8;100;20;one;instances/DSJC1000.1.col;1000;49629
235;216106077;83;0.8;100;20;one;instances/DSJC1000.1.col;1000;49629
232;217471860;27;0.8;100;20;one;instances/DSJC1000.1.col;1000;49629
234;217886967;94;0.8;100;20;one;instances/DSJC1000.1.col;1000;49629
227;215276229;0;0.8;100;20;one;instances/DSJC1000.1.col;1000;49629
229;216603862;33;0.8;100;20;one;instances/DSJC1000.1.col;1000;49629
233;220114980;42;0.8;100;20;one;instances/DSJC1000.1.col;1000;49629
226;218717425;18;0.8;100;20;one;instances/DSJC1000.1.col;1000;49629
224;218513871;38;0.8;100;20;one;instances/DSJC1000.1.col;1000;49629
224;219743853;43;0.8;100;20;one;instances/DSJC1000.1.col;1000;49629
229;220082110;56;0.8;100;20;one;instances/DSJC1000.1.col;1000;49629
227;218872229;62;0.8;100;20;one;instances/DSJC1000.1.col;1000;49629
227;216859049;0;0.8;100;20;one;instances/DSJC1000.1.col;1000;49629
230;215881009;75;0.8;100;20;one;instances/DSJC1000.1.col;1000;49629
234;218106202;19;0.8;100;20;one;instances/DSJC1000.1.col;1000;49629
235;218628742;79;0.8;100;20;one;instances/DSJC1000.1.col;1000;49629
235;218488570;72;0.8;100;20;one;instances/DSJC1000.1.col;1000;49629
236;219234779;0;0.8;100;20;one;instances/DSJC1000.1.col;1000;49629
229;217683405;75;0.8;100;20;one;instances/DSJC1000.1.col;1000;49629
234;217938824;37;0.8;100;20;one;instances/DSJC1000.1.col;1000;49629
223;219216838;43;0.8;100;20;one;instances/DSJC1000.1.col;1000;49629
231;219511489;77;0.8;100;20;one;instances/DSJC1000.1.col;1000;49629
230;221543381;28;0.8;100;20;one;instances/DSJC1000.1.col;1000;49629
231;219852308;82;0.8;100;20;one;instances/DSJC1000.1.col;1000;49629
232;217324281;54;0.8;100;20;one;instances/DSJC1000.1.col;1000;49629
228;217804579;8;0.8;100;20;one;instances/DSJC1000.1.col;1000;49629
232;217557865;61;0.8;100;20;one;instances/DSJC1000.1.col;1000;49629
238;219296052;15;0.8;100;20;one;instances/DSJC1000.1.col;1000;49629
237;216717568;1;0.8;100;20;one;instances/DSJC1000.1.col;1000;49629
236;217958420;6;0.8;100;20;one;instances/DSJC1000.1.col;1000;49629
223;218572922;28;0.8;100;20;one;instances/DSJC1000.1.col;1000;49629
233;219424748;24;0.8;100;20;one;instances/DSJC1000.1.col;1000;49629
236;218969477;64;0.8;100;20;one;instances/DSJC1000.1.col;1000;49629
233;218015200;78;0.8;100;20;one;instances/DSJC1000.1.col;1000;49629
230;218627164;3;0.8;100;20;one;instances/DSJC1000.1.col;1000;49629
226;218309301;71;0.8;100;20;one;instances/DSJC1000.1.col;1000;49629
214;219236802;86;0.8;100;20;one;instances/DSJC1000.1.col;1000;49629
233;219241180;33;0.8;100;20;one;instances/DSJC1000.1.col;1000;49629
220;219057831;11;0.8;100;20;one;instances/DSJC1000.1.col;1000;49629
