21;332563964;17;0.8;100;85;one;instances/DSJR500.1c.col;500;121275
22;333877527;46;0.8;100;85;one;instances/DSJR500.1c.col;500;121275
23;340636933;16;0.8;100;85;one;instances/DSJR500.1c.col;500;121275
20;341092386;12;0.8;100;85;one;instances/DSJR500.1c.col;500;121275
19;338720409;74;0.8;100;85;one;instances/DSJR500.1c.col;500;121275
17;338706571;43;0.8;100;85;one;instances/DSJR500.1c.col;500;121275
23;335767335;39;0.8;100;85;one;instances/DSJR500.1c.col;500;121275
18;333953054;61;0.8;100;85;one;instances/DSJR500.1c.col;500;121275
20;340722627;76;0.8;100;85;one;instances/DSJR500.1c.col;500;121275
16;333265707;99;0.8;100;85;one;instances/DSJR500.1c.col;500;121275
23;342523744;51;0.8;100;85;one;instances/DSJR500.1c.col;500;121275
22;331669245;33;0.8;100;85;one;instances/DSJR500.1c.col;500;121275
22;337729381;5;0.8;100;85;one;instances/DSJR500.1c.col;500;121275
22;334995092;2;0.8;100;85;one;instances/DSJR500.1c.col;500;121275
22;336626392;54;0.8;100;85;one;instances/DSJR500.1c.col;500;121275
23;339034288;65;0.8;100;85;one;instances/DSJR500.1c.col;500;121275
20;340544142;95;0.8;100;85;one;instances/DSJR500.1c.col;500;121275
22;339627450;38;0.8;100;85;one;instances/DSJR500.1c.col;500;121275
22;334465175;77;0.8;100;85;one;instances/DSJR500.1c.col;500;121275
20;339240676;28;0.8;100;85;one;instances/DSJR500.1c.col;500;121275
20;334909939;57;0.8;100;85;one;instances/DSJR500.1c.col;500;121275
20;323907062;18;0.8;100;85;one;instances/DSJR500.1c.col;500;121275
20;342809334;30;0.8;100;85;one;instances/DSJR500.1c.col;500;121275
15;333987594;66;0.8;100;85;one;instances/DSJR500.1c.col;500;121275
18;335600474;45;0.8;100;85;one;instances/DSJR500.1c.col;500;121275
19;338273811;38;0.8;100;85;one;instances/DSJR500.1c.col;500;121275
19;329549667;78;0.8;100;85;one;instances/DSJR500.1c.col;500;121275
22;330304144;34;0.8;100;85;one;instances/DSJR500.1c.col;500;121275
24;337783643;73;0.8;100;85;one;instances/DSJR500.1c.col;500;121275
19;331374367;1;0.8;100;85;one;instances/DSJR500.1c.col;500;121275
24;334906338;34;0.8;100;85;one;instances/DSJR500.1c.col;500;121275
21;325338208;99;0.8;100;85;one;instances/DSJR500.1c.col;500;121275
19;327238854;74;0.8;100;85;one;instances/DSJR500.1c.col;500;121275
19;331333776;38;0.8;100;85;one;instances/DSJR500.1c.col;500;121275
17;330045142;45;0.8;100;85;one;instances/DSJR500.1c.col;500;121275
18;328782472;5;0.8;100;85;one;instances/DSJR500.1c.col;500;121275
23;337623840;90;0.8;100;85;one;instances/DSJR500.1c.col;500;121275
21;330296881;27;0.8;100;85;one;instances/DSJR500.1c.col;500;121275
19;333872780;12;0.8;100;85;one;instances/DSJR500.1c.col;500;121275
22;333395629;19;0.8;100;85;one;instances/DSJR500.1c.col;500;121275
24;333129408;58;0.8;100;85;one;instances/DSJR500.1c.col;500;121275
19;332230328;73;0.8;100;85;one;instances/DSJR500.1c.col;500;121275
23;331151985;58;0.8;100;85;one;instances/DSJR500.1c.col;500;121275
19;338156518;3;0.8;100;85;one;instances/DSJR500.1c.col;500;121275
20;335512425;50;0.8;100;85;one;instances/DSJR500.1c.col;500;121275
21;333128811;10;0.8;100;85;one;instances/DSJR500.1c.col;500;121275
15;333990853;33;0.8;100;85;one;instances/DSJR500.1c.col;500;121275
20;332883871;33;0.8;100;85;one;instances/DSJR500.1c.col;500;121275
20;333879489;84;0.8;100;85;one;instances/DSJR500.1c.col;500;121275
21;330608015;13;0.8;100;85;one;instances/DSJR500.1c.col;500;121275
