5;11078491;20;0.8;100;12;one;instances/DSJR500.1.col;500;3555
4;7868148;69;0.8;100;12;one;instances/DSJR500.1.col;500;3555
4;7976059;72;0.8;100;12;one;instances/DSJR500.1.col;500;3555
4;8165594;40;0.8;100;12;one;instances/DSJR500.1.col;500;3555
5;10161844;8;0.8;100;12;one;instances/DSJR500.1.col;500;3555
3;7834829;36;0.8;100;12;one;instances/DSJR500.1.col;500;3555
5;7940059;31;0.8;100;12;one;instances/DSJR500.1.col;500;3555
6;8213977;6;0.8;100;12;one;instances/DSJR500.1.col;500;3555
5;10325181;34;0.8;100;12;one;instances/DSJR500.1.col;500;3555
4;7874752;11;0.8;100;12;one;instances/DSJR500.1.col;500;3555
4;7842018;22;0.8;100;12;one;instances/DSJR500.1.col;500;3555
6;8182302;3;0.8;100;12;one;instances/DSJR500.1.col;500;3555
5;10612775;33;0.8;100;12;one;instances/DSJR500.1.col;500;3555
4;8009508;53;0.8;100;12;one;instances/DSJR500.1.col;500;3555
3;7893637;35;0.8;100;12;one;instances/DSJR500.1.col;500;3555
4;8217587;6;0.8;100;12;one;instances/DSJR500.1.col;500;3555
4;10586919;90;0.8;100;12;one;instances/DSJR500.1.col;500;3555
4;8037875;69;0.8;100;12;one;instances/DSJR500.1.col;500;3555
4;8210805;43;0.8;100;12;one;instances/DSJR500.1.col;500;3555
5;10088913;59;0.8;100;12;one;instances/DSJR500.1.col;500;3555
4;8245363;74;0.8;100;12;one;instances/DSJR500.1.col;500;3555
4;8059740;38;0.8;100;12;one;instances/DSJR500.1.col;500;3555
5;7907925;14;0.8;100;12;one;instances/DSJR500.1.col;500;3555
5;10339507;1;0.8;100;12;one;instances/DSJR500.1.col;500;3555
4;8123578;64;0.8;100;12;one;instances/DSJR500.1.col;500;3555
