42;197866847;21;0.8;100;122;one;instances/DSJR500.5.col;500;58862
42;200202245;90;0.8;100;122;one;instances/DSJR500.5.col;500;58862
43;197408095;11;0.8;100;122;one;instances/DSJR500.5.col;500;58862
44;198335927;1;0.8;100;122;one;instances/DSJR500.5.col;500;58862
43;202760374;17;0.8;100;122;one;instances/DSJR500.5.col;500;58862
43;201484010;60;0.8;100;122;one;instances/DSJR500.5.col;500;58862
43;199101083;22;0.8;100;122;one;instances/DSJR500.5.col;500;58862
43;200644567;12;0.8;100;122;one;instances/DSJR500.5.col;500;58862
44;199104068;4;0.8;100;122;one;instances/DSJR500.5.col;500;58862
42;200124293;47;0.8;100;122;one;instances/DSJR500.5.col;500;58862
43;198207127;17;0.8;100;122;one;instances/DSJR500.5.col;500;58862
42;195269322;66;0.8;100;122;one;instances/DSJR500.5.col;500;58862
42;198188540;98;0.8;100;122;one;instances/DSJR500.5.col;500;58862
42;196479981;28;0.8;100;122;one;instances/DSJR500.5.col;500;58862
41;195437179;92;0.8;100;122;one;instances/DSJR500.5.col;500;58862
43;197858376;29;0.8;100;122;one;instances/DSJR500.5.col;500;58862
42;204041741;20;0.8;100;122;one;instances/DSJR500.5.col;500;58862
40;203139076;57;0.8;100;122;one;instances/DSJR500.5.col;500;58862
44;198542580;23;0.8;100;122;one;instances/DSJR500.5.col;500;58862
41;197199286;70;0.8;100;122;one;instances/DSJR500.5.col;500;58862
43;199482213;77;0.8;100;122;one;instances/DSJR500.5.col;500;58862
40;196808814;2;0.8;100;122;one;instances/DSJR500.5.col;500;58862
41;199318819;37;0.8;100;122;one;instances/DSJR500.5.col;500;58862
43;205541522;82;0.8;100;122;one;instances/DSJR500.5.col;500;58862
39;199463884;42;0.8;100;122;one;instances/DSJR500.5.col;500;58862
41;197331585;36;0.8;100;122;one;instances/DSJR500.5.col;500;58862
40;200125866;7;0.8;100;122;one;instances/DSJR500.5.col;500;58862
42;198760617;78;0.8;100;122;one;instances/DSJR500.5.col;500;58862
44;198861295;11;0.8;100;122;one;instances/DSJR500.5.col;500;58862
45;199619069;43;0.8;100;122;one;instances/DSJR500.5.col;500;58862
44;200833787;8;0.8;100;122;one;instances/DSJR500.5.col;500;58862
43;200319255;83;0.8;100;122;one;instances/DSJR500.5.col;500;58862
42;199371395;3;0.8;100;122;one;instances/DSJR500.5.col;500;58862
42;198013561;36;0.8;100;122;one;instances/DSJR500.5.col;500;58862
43;200395609;4;0.8;100;122;one;instances/DSJR500.5.col;500;58862
44;198452022;38;0.8;100;122;one;instances/DSJR500.5.col;500;58862
45;199717730;9;0.8;100;122;one;instances/DSJR500.5.col;500;58862
41;196045061;87;0.8;100;122;one;instances/DSJR500.5.col;500;58862
44;197674824;54;0.8;100;122;one;instances/DSJR500.5.col;500;58862
44;198174314;15;0.8;100;122;one;instances/DSJR500.5.col;500;58862
41;198806849;47;0.8;100;122;one;instances/DSJR500.5.col;500;58862
42;198226806;58;0.8;100;122;one;instances/DSJR500.5.col;500;58862
42;194103033;5;0.8;100;122;one;instances/DSJR500.5.col;500;58862
44;197683385;53;0.8;100;122;one;instances/DSJR500.5.col;500;58862
42;198441694;98;0.8;100;122;one;instances/DSJR500.5.col;500;58862
42;204479119;76;0.8;100;122;one;instances/DSJR500.5.col;500;58862
41;201099588;70;0.8;100;122;one;instances/DSJR500.5.col;500;58862
41;200848663;29;0.8;100;122;one;instances/DSJR500.5.col;500;58862
42;198241709;41;0.8;100;122;one;instances/DSJR500.5.col;500;58862
43;197372149;29;0.8;100;122;one;instances/DSJR500.5.col;500;58862
