277;11068704;62;0.8;100;5;one;instances/le450_5b.col;450;5734
242;11086769;53;0.8;100;5;one;instances/le450_5b.col;450;5734
121;11133900;16;0.8;100;5;one;instances/le450_5b.col;450;5734
322;11020757;15;0.8;100;5;one;instances/le450_5b.col;450;5734
162;10851334;29;0.8;100;5;one;instances/le450_5b.col;450;5734
90;10991095;15;0.8;100;5;one;instances/le450_5b.col;450;5734
104;10981099;2;0.8;100;5;one;instances/le450_5b.col;450;5734
87;10884640;66;0.8;100;5;one;instances/le450_5b.col;450;5734
297;10907432;99;0.8;100;5;one;instances/le450_5b.col;450;5734
84;11007954;34;0.8;100;5;one;instances/le450_5b.col;450;5734
216;10983094;98;0.8;100;5;one;instances/le450_5b.col;450;5734
266;10859568;69;0.8;100;5;one;instances/le450_5b.col;450;5734
146;10970482;71;0.8;100;5;one;instances/le450_5b.col;450;5734
67;11100370;98;0.8;100;5;one;instances/le450_5b.col;450;5734
167;11149681;57;0.8;100;5;one;instances/le450_5b.col;450;5734
86;11044503;24;0.8;100;5;one;instances/le450_5b.col;450;5734
149;11126992;29;0.8;100;5;one;instances/le450_5b.col;450;5734
234;11013611;51;0.8;100;5;one;instances/le450_5b.col;450;5734
122;11041561;26;0.8;100;5;one;instances/le450_5b.col;450;5734
306;10944741;87;0.8;100;5;one;instances/le450_5b.col;450;5734
251;10987427;4;0.8;100;5;one;instances/le450_5b.col;450;5734
218;11085162;34;0.8;100;5;one;instances/le450_5b.col;450;5734
264;10972733;48;0.8;100;5;one;instances/le450_5b.col;450;5734
84;11082019;52;0.8;100;5;one;instances/le450_5b.col;450;5734
87;11021883;71;0.8;100;5;one;instances/le450_5b.col;450;5734
125;10936444;98;0.8;100;5;one;instances/le450_5b.col;450;5734
141;10999736;1;0.8;100;5;one;instances/le450_5b.col;450;5734
92;11021505;33;0.8;100;5;one;instances/le450_5b.col;450;5734
95;11018902;19;0.8;100;5;one;instances/le450_5b.col;450;5734
85;10965325;94;0.8;100;5;one;instances/le450_5b.col;450;5734
232;10950816;43;0.8;100;5;one;instances/le450_5b.col;450;5734
73;11069159;4;0.8;100;5;one;instances/le450_5b.col;450;5734
259;10877592;41;0.8;100;5;one;instances/le450_5b.col;450;5734
180;11002257;40;0.8;100;5;one;instances/le450_5b.col;450;5734
163;10909003;18;0.8;100;5;one;instances/le450_5b.col;450;5734
90;10861883;51;0.8;100;5;one;instances/le450_5b.col;450;5734
227;11042580;93;0.8;100;5;one;instances/le450_5b.col;450;5734
295;11036194;58;0.8;100;5;one;instances/le450_5b.col;450;5734
285;10879528;23;0.8;100;5;one;instances/le450_5b.col;450;5734
123;11201736;15;0.8;100;5;one;instances/le450_5b.col;450;5734
241;11056117;20;0.8;100;5;one;instances/le450_5b.col;450;5734
114;11095797;41;0.8;100;5;one;instances/le450_5b.col;450;5734
229;11049590;74;0.8;100;5;one;instances/le450_5b.col;450;5734
284;10936350;13;0.8;100;5;one;instances/le450_5b.col;450;5734
275;10915563;62;0.8;100;5;one;instances/le450_5b.col;450;5734
122;10938346;96;0.8;100;5;one;instances/le450_5b.col;450;5734
118;11030220;7;0.8;100;5;one;instances/le450_5b.col;450;5734
224;10831365;6;0.8;100;5;one;instances/le450_5b.col;450;5734
166;10858577;48;0.8;100;5;one;instances/le450_5b.col;450;5734
208;10878642;48;0.8;100;5;one;instances/le450_5b.col;450;5734
