73;33937340;87;0.8;100;25;one;instances/le450_25c.col;450;17343
75;34269822;73;0.8;100;25;one;instances/le450_25c.col;450;17343
74;34003894;70;0.8;100;25;one;instances/le450_25c.col;450;17343
77;33831479;19;0.8;100;25;one;instances/le450_25c.col;450;17343
74;34056156;27;0.8;100;25;one;instances/le450_25c.col;450;17343
76;33719830;22;0.8;100;25;one;instances/le450_25c.col;450;17343
75;33701744;30;0.8;100;25;one;instances/le450_25c.col;450;17343
71;34138454;11;0.8;100;25;one;instances/le450_25c.col;450;17343
78;33785730;39;0.8;100;25;one;instances/le450_25c.col;450;17343
73;33954141;25;0.8;100;25;one;instances/le450_25c.col;450;17343
74;33893277;22;0.8;100;25;one;instances/le450_25c.col;450;17343
74;34234551;54;0.8;100;25;one;instances/le450_25c.col;450;17343
73;33934035;85;0.8;100;25;one;instances/le450_25c.col;450;17343
76;33767998;59;0.8;100;25;one;instances/le450_25c.col;450;17343
74;34031475;59;0.8;100;25;one;instances/le450_25c.col;450;17343
75;33986545;42;0.8;100;25;one;instances/le450_25c.col;450;17343
76;34067532;20;0.8;100;25;one;instances/le450_25c.col;450;17343
76;33607988;60;0.8;100;25;one;instances/le450_25c.col;450;17343
76;33825000;58;0.8;100;25;one;instances/le450_25c.col;450;17343
76;33992887;25;0.8;100;25;one;instances/le450_25c.col;450;17343
73;33875835;24;0.8;100;25;one;instances/le450_25c.col;450;17343
72;34021689;56;0.8;100;25;one;instances/le450_25c.col;450;17343
76;34438058;90;0.8;100;25;one;instances/le450_25c.col;450;17343
75;34101249;15;0.8;100;25;one;instances/le450_25c.col;450;17343
78;33650936;10;0.8;100;25;one;instances/le450_25c.col;450;17343
74;33954492;60;0.8;100;25;one;instances/le450_25c.col;450;17343
77;34086946;70;0.8;100;25;one;instances/le450_25c.col;450;17343
75;34319279;85;0.8;100;25;one;instances/le450_25c.col;450;17343
75;34064481;32;0.8;100;25;one;instances/le450_25c.col;450;17343
77;33865003;87;0.8;100;25;one;instances/le450_25c.col;450;17343
74;34318832;6;0.8;100;25;one;instances/le450_25c.col;450;17343
73;34689374;47;0.8;100;25;one;instances/le450_25c.col;450;17343
76;34470999;88;0.8;100;25;one;instances/le450_25c.col;450;17343
79;34289396;6;0.8;100;25;one;instances/le450_25c.col;450;17343
76;34457315;19;0.8;100;25;one;instances/le450_25c.col;450;17343
77;34396508;57;0.8;100;25;one;instances/le450_25c.col;450;17343
76;34023809;0;0.8;100;25;one;instances/le450_25c.col;450;17343
77;34296365;68;0.8;100;25;one;instances/le450_25c.col;450;17343
78;34346960;10;0.8;100;25;one;instances/le450_25c.col;450;17343
74;34245049;50;0.8;100;25;one;instances/le450_25c.col;450;17343
75;34439595;90;0.8;100;25;one;instances/le450_25c.col;450;17343
76;34034654;72;0.8;100;25;one;instances/le450_25c.col;450;17343
77;34415777;92;0.8;100;25;one;instances/le450_25c.col;450;17343
75;34389226;33;0.8;100;25;one;instances/le450_25c.col;450;17343
74;34199414;80;0.8;100;25;one;instances/le450_25c.col;450;17343
76;34697164;29;0.8;100;25;one;instances/le450_25c.col;450;17343
77;34415049;8;0.8;100;25;one;instances/le450_25c.col;450;17343
78;34358293;11;0.8;100;25;one;instances/le450_25c.col;450;17343
77;34038757;95;0.8;100;25;one;instances/le450_25c.col;450;17343
75;34321249;11;0.8;100;25;one;instances/le450_25c.col;450;17343
