158;10972952;41;0.8;100;5;one;instances/le450_5a.col;450;5714
293;11024329;77;0.8;100;5;one;instances/le450_5a.col;450;5714
82;11102436;81;0.8;100;5;one;instances/le450_5a.col;450;5714
80;11175226;22;0.8;100;5;one;instances/le450_5a.col;450;5714
87;11223143;35;0.8;100;5;one;instances/le450_5a.col;450;5714
72;11077820;35;0.8;100;5;one;instances/le450_5a.col;450;5714
275;10955315;90;0.8;100;5;one;instances/le450_5a.col;450;5714
108;10963626;26;0.8;100;5;one;instances/le450_5a.col;450;5714
238;10898935;45;0.8;100;5;one;instances/le450_5a.col;450;5714
115;11033928;6;0.8;100;5;one;instances/le450_5a.col;450;5714
112;11017612;89;0.8;100;5;one;instances/le450_5a.col;450;5714
83;11152242;66;0.8;100;5;one;instances/le450_5a.col;450;5714
162;11126665;21;0.8;100;5;one;instances/le450_5a.col;450;5714
266;11097797;61;0.8;100;5;one;instances/le450_5a.col;450;5714
287;11029309;15;0.8;100;5;one;instances/le450_5a.col;450;5714
153;11055184;24;0.8;100;5;one;instances/le450_5a.col;450;5714
243;11007448;41;0.8;100;5;one;instances/le450_5a.col;450;5714
69;11083159;44;0.8;100;5;one;instances/le450_5a.col;450;5714
120;11206288;92;0.8;100;5;one;instances/le450_5a.col;450;5714
281;11190551;46;0.8;100;5;one;instances/le450_5a.col;450;5714
25;11416945;48;0.8;100;5;one;instances/le450_5a.col;450;5714
303;11195030;66;0.8;100;5;one;instances/le450_5a.col;450;5714
180;11077477;95;0.8;100;5;one;instances/le450_5a.col;450;5714
173;11044958;8;0.8;100;5;one;instances/le450_5a.col;450;5714
92;11269326;81;0.8;100;5;one;instances/le450_5a.col;450;5714
234;10823135;98;0.8;100;5;one;instances/le450_5a.col;450;5714
88;10846229;43;0.8;100;5;one;instances/le450_5a.col;450;5714
249;11015394;10;0.8;100;5;one;instances/le450_5a.col;450;5714
237;10872587;1;0.8;100;5;one;instances/le450_5a.col;450;5714
159;10938611;25;0.8;100;5;one;instances/le450_5a.col;450;5714
263;10891267;27;0.8;100;5;one;instances/le450_5a.col;450;5714
71;10985140;96;0.8;100;5;one;instances/le450_5a.col;450;5714
204;10921022;11;0.8;100;5;one;instances/le450_5a.col;450;5714
234;10840628;65;0.8;100;5;one;instances/le450_5a.col;450;5714
261;10875236;64;0.8;100;5;one;instances/le450_5a.col;450;5714
142;10928138;11;0.8;100;5;one;instances/le450_5a.col;450;5714
260;10869757;89;0.8;100;5;one;instances/le450_5a.col;450;5714
295;10890449;82;0.8;100;5;one;instances/le450_5a.col;450;5714
122;10780453;66;0.8;100;5;one;instances/le450_5a.col;450;5714
287;10725962;80;0.8;100;5;one;instances/le450_5a.col;450;5714
179;10844237;52;0.8;100;5;one;instances/le450_5a.col;450;5714
198;10772783;19;0.8;100;5;one;instances/le450_5a.col;450;5714
261;10749405;22;0.8;100;5;one;instances/le450_5a.col;450;5714
240;10682104;97;0.8;100;5;one;instances/le450_5a.col;450;5714
151;10821701;35;0.8;100;5;one;instances/le450_5a.col;450;5714
165;10859338;75;0.8;100;5;one;instances/le450_5a.col;450;5714
178;10866759;20;0.8;100;5;one;instances/le450_5a.col;450;5714
90;10853596;34;0.8;100;5;one;instances/le450_5a.col;450;5714
203;10808913;21;0.8;100;5;one;instances/le450_5a.col;450;5714
134;10884225;54;0.8;100;5;one;instances/le450_5a.col;450;5714
