73;34090476;22;0.8;100;25;one;instances/le450_25d.col;450;17425
75;34467106;11;0.8;100;25;one;instances/le450_25d.col;450;17425
76;34137878;50;0.8;100;25;one;instances/le450_25d.col;450;17425
77;34532845;2;0.8;100;25;one;instances/le450_25d.col;450;17425
71;34390975;55;0.8;100;25;one;instances/le450_25d.col;450;17425
76;34515306;90;0.8;100;25;one;instances/le450_25d.col;450;17425
75;34810010;89;0.8;100;25;one;instances/le450_25d.col;450;17425
74;34797204;57;0.8;100;25;one;instances/le450_25d.col;450;17425
78;34844879;1;0.8;100;25;one;instances/le450_25d.col;450;17425
75;35185209;93;0.8;100;25;one;instances/le450_25d.col;450;17425
76;34883086;45;0.8;100;25;one;instances/le450_25d.col;450;17425
78;34838545;12;0.8;100;25;one;instances/le450_25d.col;450;17425
77;35578873;18;0.8;100;25;one;instances/le450_25d.col;450;17425
76;35128861;22;0.8;100;25;one;instances/le450_25d.col;450;17425
75;35605481;63;0.8;100;25;one;instances/le450_25d.col;450;17425
77;35491644;6;0.8;100;25;one;instances/le450_25d.col;450;17425
76;34960921;4;0.8;100;25;one;instances/le450_25d.col;450;17425
75;35150077;18;0.8;100;25;one;instances/le450_25d.col;450;17425
71;35257611;87;0.8;100;25;one;instances/le450_25d.col;450;17425
76;35204972;30;0.8;100;25;one;instances/le450_25d.col;450;17425
77;34541304;13;0.8;100;25;one;instances/le450_25d.col;450;17425
76;34419223;7;0.8;100;25;one;instances/le450_25d.col;450;17425
72;34520691;1;0.8;100;25;one;instances/le450_25d.col;450;17425
76;34467888;76;0.8;100;25;one;instances/le450_25d.col;450;17425
75;34516633;9;0.8;100;25;one;instances/le450_25d.col;450;17425
75;34057651;84;0.8;100;25;one;instances/le450_25d.col;450;17425
76;34191983;12;0.8;100;25;one;instances/le450_25d.col;450;17425
77;34288288;26;0.8;100;25;one;instances/le450_25d.col;450;17425
78;34126677;73;0.8;100;25;one;instances/le450_25d.col;450;17425
73;34156811;7;0.8;100;25;one;instances/le450_25d.col;450;17425
77;33981573;96;0.8;100;25;one;instances/le450_25d.col;450;17425
75;34079375;88;0.8;100;25;one;instances/le450_25d.col;450;17425
74;34033985;13;0.8;100;25;one;instances/le450_25d.col;450;17425
77;34211426;98;0.8;100;25;one;instances/le450_25d.col;450;17425
77;34542668;16;0.8;100;25;one;instances/le450_25d.col;450;17425
79;34438762;45;0.8;100;25;one;instances/le450_25d.col;450;17425
77;34293798;19;0.8;100;25;one;instances/le450_25d.col;450;17425
78;34038191;18;0.8;100;25;one;instances/le450_25d.col;450;17425
76;34192523;90;0.8;100;25;one;instances/le450_25d.col;450;17425
74;34298887;60;0.8;100;25;one;instances/le450_25d.col;450;17425
74;34742359;78;0.8;100;25;one;instances/le450_25d.col;450;17425
74;34182809;31;0.8;100;25;one;instances/le450_25d.col;450;17425
75;34375331;44;0.8;100;25;one;instances/le450_25d.col;450;17425
74;34553596;18;0.8;100;25;one;instances/le450_25d.col;450;17425
76;34445305;59;0.8;100;25;one;instances/le450_25d.col;450;17425
70;34432201;37;0.8;100;25;one;instances/le450_25d.col;450;17425
73;34296641;60;0.8;100;25;one;instances/le450_25d.col;450;17425
77;34016344;19;0.8;100;25;one;instances/le450_25d.col;450;17425
77;34168805;6;0.8;100;25;one;instances/le450_25d.col;450;17425
76;34902839;59;0.8;100;25;one;instances/le450_25d.col;450;17425
