270;33397559;22;0.8;100;15;one;instances/le450_15c.col;450;16680
266;33513395;32;0.8;100;15;one;instances/le450_15c.col;450;16680
261;33994014;22;0.8;100;15;one;instances/le450_15c.col;450;16680
266;33885858;17;0.8;100;15;one;instances/le450_15c.col;450;16680
264;33554561;86;0.8;100;15;one;instances/le450_15c.col;450;16680
267;33848681;12;0.8;100;15;one;instances/le450_15c.col;450;16680
259;33664475;84;0.8;100;15;one;instances/le450_15c.col;450;16680
262;33795437;77;0.8;100;15;one;instances/le450_15c.col;450;16680
269;33691649;34;0.8;100;15;one;instances/le450_15c.col;450;16680
274;33700633;20;0.8;100;15;one;instances/le450_15c.col;450;16680
265;33573825;34;0.8;100;15;one;instances/le450_15c.col;450;16680
264;33865560;48;0.8;100;15;one;instances/le450_15c.col;450;16680
265;33706714;50;0.8;100;15;one;instances/le450_15c.col;450;16680
269;33907570;88;0.8;100;15;one;instances/le450_15c.col;450;16680
265;33630028;47;0.8;100;15;one;instances/le450_15c.col;450;16680
271;33488784;13;0.8;100;15;one;instances/le450_15c.col;450;16680
271;33673534;24;0.8;100;15;one;instances/le450_15c.col;450;16680
267;33723589;52;0.8;100;15;one;instances/le450_15c.col;450;16680
262;34187116;84;0.8;100;15;one;instances/le450_15c.col;450;16680
256;33736976;29;0.8;100;15;one;instances/le450_15c.col;450;16680
270;33664361;54;0.8;100;15;one;instances/le450_15c.col;450;16680
265;33589151;55;0.8;100;15;one;instances/le450_15c.col;450;16680
272;33500329;63;0.8;100;15;one;instances/le450_15c.col;450;16680
264;33552811;84;0.8;100;15;one;instances/le450_15c.col;450;16680
272;33697105;31;0.8;100;15;one;instances/le450_15c.col;450;16680
