30;25112472;18;0.8;100;5;one;instances/le450_5c.col;450;9803
32;24910856;82;0.8;100;5;one;instances/le450_5c.col;450;9803
32;24946151;39;0.8;100;5;one;instances/le450_5c.col;450;9803
28;24596981;51;0.8;100;5;one;instances/le450_5c.col;450;9803
20;24836268;21;0.8;100;5;one;instances/le450_5c.col;450;9803
40;24343220;76;0.8;100;5;one;instances/le450_5c.col;450;9803
33;24839982;90;0.8;100;5;one;instances/le450_5c.col;450;9803
35;24897257;51;0.8;100;5;one;instances/le450_5c.col;450;9803
37;24713077;45;0.8;100;5;one;instances/le450_5c.col;450;9803
27;25064857;71;0.8;100;5;one;instances/le450_5c.col;450;9803
43;24720711;65;0.8;100;5;one;instances/le450_5c.col;450;9803
20;25580120;6;0.8;100;5;one;instances/le450_5c.col;450;9803
24;25366083;21;0.8;100;5;one;instances/le450_5c.col;450;9803
23;25118293;81;0.8;100;5;one;instances/le450_5c.col;450;9803
33;24789602;53;0.8;100;5;one;instances/le450_5c.col;450;9803
19;24891726;71;0.8;100;5;one;instances/le450_5c.col;450;9803
32;24890480;38;0.8;100;5;one;instances/le450_5c.col;450;9803
23;24853361;43;0.8;100;5;one;instances/le450_5c.col;450;9803
32;24765564;99;0.8;100;5;one;instances/le450_5c.col;450;9803
19;24981101;25;0.8;100;5;one;instances/le450_5c.col;450;9803
32;25076527;88;0.8;100;5;one;instances/le450_5c.col;450;9803
32;24667243;30;0.8;100;5;one;instances/le450_5c.col;450;9803
23;25468605;47;0.8;100;5;one;instances/le450_5c.col;450;9803
35;25203464;42;0.8;100;5;one;instances/le450_5c.col;450;9803
32;25184653;38;0.8;100;5;one;instances/le450_5c.col;450;9803
