47;15535640;79;0.8;100;15;one;instances/le450_15a.col;450;8168
48;15406478;11;0.8;100;15;one;instances/le450_15a.col;450;8168
51;15408701;83;0.8;100;15;one;instances/le450_15a.col;450;8168
52;15538719;32;0.8;100;15;one;instances/le450_15a.col;450;8168
51;15438426;40;0.8;100;15;one;instances/le450_15a.col;450;8168
50;15465826;55;0.8;100;15;one;instances/le450_15a.col;450;8168
51;15415777;89;0.8;100;15;one;instances/le450_15a.col;450;8168
54;15551733;33;0.8;100;15;one;instances/le450_15a.col;450;8168
53;15461680;90;0.8;100;15;one;instances/le450_15a.col;450;8168
49;15586586;58;0.8;100;15;one;instances/le450_15a.col;450;8168
51;15503023;11;0.8;100;15;one;instances/le450_15a.col;450;8168
49;15436503;47;0.8;100;15;one;instances/le450_15a.col;450;8168
50;15398345;88;0.8;100;15;one;instances/le450_15a.col;450;8168
51;15363157;41;0.8;100;15;one;instances/le450_15a.col;450;8168
52;15364589;35;0.8;100;15;one;instances/le450_15a.col;450;8168
52;15480294;51;0.8;100;15;one;instances/le450_15a.col;450;8168
53;15344254;14;0.8;100;15;one;instances/le450_15a.col;450;8168
48;15488880;84;0.8;100;15;one;instances/le450_15a.col;450;8168
49;15257597;18;0.8;100;15;one;instances/le450_15a.col;450;8168
49;15299494;35;0.8;100;15;one;instances/le450_15a.col;450;8168
51;15556275;77;0.8;100;15;one;instances/le450_15a.col;450;8168
48;15565397;65;0.8;100;15;one;instances/le450_15a.col;450;8168
49;15560881;44;0.8;100;15;one;instances/le450_15a.col;450;8168
49;15465143;43;0.8;100;15;one;instances/le450_15a.col;450;8168
52;15683565;7;0.8;100;15;one;instances/le450_15a.col;450;8168
48;15280725;89;0.8;100;15;one;instances/le450_15a.col;450;8168
50;15240069;27;0.8;100;15;one;instances/le450_15a.col;450;8168
52;15318566;20;0.8;100;15;one;instances/le450_15a.col;450;8168
51;15355654;81;0.8;100;15;one;instances/le450_15a.col;450;8168
50;15472337;64;0.8;100;15;one;instances/le450_15a.col;450;8168
52;15406701;71;0.8;100;15;one;instances/le450_15a.col;450;8168
45;15363410;80;0.8;100;15;one;instances/le450_15a.col;450;8168
51;15392454;68;0.8;100;15;one;instances/le450_15a.col;450;8168
48;15312854;2;0.8;100;15;one;instances/le450_15a.col;450;8168
51;15428700;72;0.8;100;15;one;instances/le450_15a.col;450;8168
49;15251259;11;0.8;100;15;one;instances/le450_15a.col;450;8168
51;15443186;38;0.8;100;15;one;instances/le450_15a.col;450;8168
49;15269566;67;0.8;100;15;one;instances/le450_15a.col;450;8168
47;15392361;12;0.8;100;15;one;instances/le450_15a.col;450;8168
50;15292447;25;0.8;100;15;one;instances/le450_15a.col;450;8168
49;15524707;37;0.8;100;15;one;instances/le450_15a.col;450;8168
51;15530615;77;0.8;100;15;one;instances/le450_15a.col;450;8168
51;15418084;52;0.8;100;15;one;instances/le450_15a.col;450;8168
51;15665926;11;0.8;100;15;one;instances/le450_15a.col;450;8168
50;15523861;87;0.8;100;15;one;instances/le450_15a.col;450;8168
53;15560461;54;0.8;100;15;one;instances/le450_15a.col;450;8168
50;16164102;3;0.8;100;15;one;instances/le450_15a.col;450;8168
52;15573477;43;0.8;100;15;one;instances/le450_15a.col;450;8168
52;15431294;38;0.8;100;15;one;instances/le450_15a.col;450;8168
49;15427335;73;0.8;100;15;one;instances/le450_15a.col;450;8168
