48;15498438;73;0.8;100;15;one;instances/le450_15b.col;450;8169
48;15635657;74;0.8;100;15;one;instances/le450_15b.col;450;8169
47;15557373;96;0.8;100;15;one;instances/le450_15b.col;450;8169
44;15761504;81;0.8;100;15;one;instances/le450_15b.col;450;8169
48;15625553;94;0.8;100;15;one;instances/le450_15b.col;450;8169
48;15504096;39;0.8;100;15;one;instances/le450_15b.col;450;8169
49;15491364;63;0.8;100;15;one;instances/le450_15b.col;450;8169
49;15377285;46;0.8;100;15;one;instances/le450_15b.col;450;8169
50;15322082;56;0.8;100;15;one;instances/le450_15b.col;450;8169
49;15475083;34;0.8;100;15;one;instances/le450_15b.col;450;8169
45;15596905;24;0.8;100;15;one;instances/le450_15b.col;450;8169
49;15431390;56;0.8;100;15;one;instances/le450_15b.col;450;8169
49;15462183;30;0.8;100;15;one;instances/le450_15b.col;450;8169
48;15362865;71;0.8;100;15;one;instances/le450_15b.col;450;8169
48;15307343;12;0.8;100;15;one;instances/le450_15b.col;450;8169
52;15401985;8;0.8;100;15;one;instances/le450_15b.col;450;8169
49;15360530;18;0.8;100;15;one;instances/le450_15b.col;450;8169
49;15321707;37;0.8;100;15;one;instances/le450_15b.col;450;8169
49;15260501;8;0.8;100;15;one;instances/le450_15b.col;450;8169
51;15459985;96;0.8;100;15;one;instances/le450_15b.col;450;8169
51;15333781;83;0.8;100;15;one;instances/le450_15b.col;450;8169
50;15204147;51;0.8;100;15;one;instances/le450_15b.col;450;8169
51;15296188;76;0.8;100;15;one;instances/le450_15b.col;450;8169
48;15212644;40;0.8;100;15;one;instances/le450_15b.col;450;8169
48;15288578;47;0.8;100;15;one;instances/le450_15b.col;450;8169
