35;24293568;20;0.8;100;5;one;instances/le450_5d.col;450;9757
32;24652161;6;0.8;100;5;one;instances/le450_5d.col;450;9757
15;24708216;71;0.8;100;5;one;instances/le450_5d.col;450;9757
13;24427766;3;0.8;100;5;one;instances/le450_5d.col;450;9757
45;24401166;10;0.8;100;5;one;instances/le450_5d.col;450;9757
28;24865284;97;0.8;100;5;one;instances/le450_5d.col;450;9757
32;24634678;72;0.8;100;5;one;instances/le450_5d.col;450;9757
24;25060326;44;0.8;100;5;one;instances/le450_5d.col;450;9757
26;25397532;37;0.8;100;5;one;instances/le450_5d.col;450;9757
34;25010409;37;0.8;100;5;one;instances/le450_5d.col;450;9757
2;24673586;3;0.8;100;5;one;instances/le450_5d.col;450;9757
28;24658041;75;0.8;100;5;one;instances/le450_5d.col;450;9757
26;25085183;89;0.8;100;5;one;instances/le450_5d.col;450;9757
42;24404789;50;0.8;100;5;one;instances/le450_5d.col;450;9757
36;24541397;47;0.8;100;5;one;instances/le450_5d.col;450;9757
4;24672668;94;0.8;100;5;one;instances/le450_5d.col;450;9757
42;24603549;91;0.8;100;5;one;instances/le450_5d.col;450;9757
19;24036668;37;0.8;100;5;one;instances/le450_5d.col;450;9757
29;24587157;19;0.8;100;5;one;instances/le450_5d.col;450;9757
18;24121686;41;0.8;100;5;one;instances/le450_5d.col;450;9757
22;24333734;79;0.8;100;5;one;instances/le450_5d.col;450;9757
34;24619806;94;0.8;100;5;one;instances/le450_5d.col;450;9757
25;24569153;32;0.8;100;5;one;instances/le450_5d.col;450;9757
27;24838457;0;0.8;100;5;one;instances/le450_5d.col;450;9757
13;25140440;14;0.8;100;5;one;instances/le450_5d.col;450;9757
