5;14640602;16;0.8;100;25;one;instances/le450_25a.col;450;8260
7;14700043;1;0.8;100;25;one;instances/le450_25a.col;450;8260
6;14656399;41;0.8;100;25;one;instances/le450_25a.col;450;8260
6;14687820;90;0.8;100;25;one;instances/le450_25a.col;450;8260
5;14784294;50;0.8;100;25;one;instances/le450_25a.col;450;8260
6;14748484;20;0.8;100;25;one;instances/le450_25a.col;450;8260
5;14737690;47;0.8;100;25;one;instances/le450_25a.col;450;8260
6;14799234;34;0.8;100;25;one;instances/le450_25a.col;450;8260
7;14770482;26;0.8;100;25;one;instances/le450_25a.col;450;8260
6;14584197;31;0.8;100;25;one;instances/le450_25a.col;450;8260
7;14598000;1;0.8;100;25;one;instances/le450_25a.col;450;8260
5;14769964;50;0.8;100;25;one;instances/le450_25a.col;450;8260
6;14689070;16;0.8;100;25;one;instances/le450_25a.col;450;8260
7;14716732;3;0.8;100;25;one;instances/le450_25a.col;450;8260
7;14638717;8;0.8;100;25;one;instances/le450_25a.col;450;8260
6;14710461;40;0.8;100;25;one;instances/le450_25a.col;450;8260
6;14882619;1;0.8;100;25;one;instances/le450_25a.col;450;8260
6;14937748;20;0.8;100;25;one;instances/le450_25a.col;450;8260
5;14838270;85;0.8;100;25;one;instances/le450_25a.col;450;8260
6;14836432;42;0.8;100;25;one;instances/le450_25a.col;450;8260
6;14875709;73;0.8;100;25;one;instances/le450_25a.col;450;8260
6;14873676;28;0.8;100;25;one;instances/le450_25a.col;450;8260
6;14745956;11;0.8;100;25;one;instances/le450_25a.col;450;8260
6;14726345;74;0.8;100;25;one;instances/le450_25a.col;450;8260
6;14678147;53;0.8;100;25;one;instances/le450_25a.col;450;8260
