266;33492954;10;0.8;100;15;one;instances/le450_15d.col;450;16750
270;33261947;0;0.8;100;15;one;instances/le450_15d.col;450;16750
269;33081058;77;0.8;100;15;one;instances/le450_15d.col;450;16750
267;33288340;65;0.8;100;15;one;instances/le450_15d.col;450;16750
268;33098025;89;0.8;100;15;one;instances/le450_15d.col;450;16750
268;33384473;82;0.8;100;15;one;instances/le450_15d.col;450;16750
269;33455850;23;0.8;100;15;one;instances/le450_15d.col;450;16750
272;33818143;97;0.8;100;15;one;instances/le450_15d.col;450;16750
265;33989262;37;0.8;100;15;one;instances/le450_15d.col;450;16750
268;33829866;59;0.8;100;15;one;instances/le450_15d.col;450;16750
275;33832495;96;0.8;100;15;one;instances/le450_15d.col;450;16750
274;33917667;39;0.8;100;15;one;instances/le450_15d.col;450;16750
272;33625781;41;0.8;100;15;one;instances/le450_15d.col;450;16750
259;34179744;28;0.8;100;15;one;instances/le450_15d.col;450;16750
270;34345455;92;0.8;100;15;one;instances/le450_15d.col;450;16750
275;34170549;6;0.8;100;15;one;instances/le450_15d.col;450;16750
266;33696436;54;0.8;100;15;one;instances/le450_15d.col;450;16750
263;33635139;18;0.8;100;15;one;instances/le450_15d.col;450;16750
260;33491604;39;0.8;100;15;one;instances/le450_15d.col;450;16750
272;33452723;82;0.8;100;15;one;instances/le450_15d.col;450;16750
272;33281616;47;0.8;100;15;one;instances/le450_15d.col;450;16750
274;33785597;38;0.8;100;15;one;instances/le450_15d.col;450;16750
275;34098108;10;0.8;100;15;one;instances/le450_15d.col;450;16750
265;33680109;65;0.8;100;15;one;instances/le450_15d.col;450;16750
268;33453613;1;0.8;100;15;one;instances/le450_15d.col;450;16750
273;34225729;86;0.8;100;15;one;instances/le450_15d.col;450;16750
264;34480866;68;0.8;100;15;one;instances/le450_15d.col;450;16750
268;34164603;63;0.8;100;15;one;instances/le450_15d.col;450;16750
266;34251328;74;0.8;100;15;one;instances/le450_15d.col;450;16750
270;34074334;71;0.8;100;15;one;instances/le450_15d.col;450;16750
271;34179343;2;0.8;100;15;one;instances/le450_15d.col;450;16750
259;34088457;23;0.8;100;15;one;instances/le450_15d.col;450;16750
272;34145858;28;0.8;100;15;one;instances/le450_15d.col;450;16750
274;34244874;39;0.8;100;15;one;instances/le450_15d.col;450;16750
270;34035975;95;0.8;100;15;one;instances/le450_15d.col;450;16750
269;34297413;17;0.8;100;15;one;instances/le450_15d.col;450;16750
274;34389476;29;0.8;100;15;one;instances/le450_15d.col;450;16750
275;34010368;27;0.8;100;15;one;instances/le450_15d.col;450;16750
270;33936445;44;0.8;100;15;one;instances/le450_15d.col;450;16750
268;33634938;77;0.8;100;15;one;instances/le450_15d.col;450;16750
263;34245314;79;0.8;100;15;one;instances/le450_15d.col;450;16750
273;34094486;34;0.8;100;15;one;instances/le450_15d.col;450;16750
272;34496475;63;0.8;100;15;one;instances/le450_15d.col;450;16750
263;34421742;50;0.8;100;15;one;instances/le450_15d.col;450;16750
266;34020230;14;0.8;100;15;one;instances/le450_15d.col;450;16750
270;34384643;19;0.8;100;15;one;instances/le450_15d.col;450;16750
267;34180322;32;0.8;100;15;one;instances/le450_15d.col;450;16750
274;33958773;97;0.8;100;15;one;instances/le450_15d.col;450;16750
269;34070757;22;0.8;100;15;one;instances/le450_15d.col;450;16750
266;33818515;6;0.8;100;15;one;instances/le450_15d.col;450;16750
