5;14954716;13;0.8;100;25;one;instances/le450_25b.col;450;8263
4;14959597;37;0.8;100;25;one;instances/le450_25b.col;450;8263
4;14955749;58;0.8;100;25;one;instances/le450_25b.col;450;8263
3;15022289;38;0.8;100;25;one;instances/le450_25b.col;450;8263
4;15040741;14;0.8;100;25;one;instances/le450_25b.col;450;8263
5;15088619;11;0.8;100;25;one;instances/le450_25b.col;450;8263
4;15068107;29;0.8;100;25;one;instances/le450_25b.col;450;8263
5;15010547;28;0.8;100;25;one;instances/le450_25b.col;450;8263
5;15046783;5;0.8;100;25;one;instances/le450_25b.col;450;8263
6;14982453;0;0.8;100;25;one;instances/le450_25b.col;450;8263
4;15005290;34;0.8;100;25;one;instances/le450_25b.col;450;8263
3;14927726;43;0.8;100;25;one;instances/le450_25b.col;450;8263
3;15005929;27;0.8;100;25;one;instances/le450_25b.col;450;8263
4;15043902;76;0.8;100;25;one;instances/le450_25b.col;450;8263
5;14943176;9;0.8;100;25;one;instances/le450_25b.col;450;8263
4;14951821;48;0.8;100;25;one;instances/le450_25b.col;450;8263
4;15068685;33;0.8;100;25;one;instances/le450_25b.col;450;8263
5;15307160;11;0.8;100;25;one;instances/le450_25b.col;450;8263
4;15112852;41;0.8;100;25;one;instances/le450_25b.col;450;8263
5;15131620;80;0.8;100;25;one;instances/le450_25b.col;450;8263
5;15125096;8;0.8;100;25;one;instances/le450_25b.col;450;8263
3;15266297;41;0.8;100;25;one;instances/le450_25b.col;450;8263
3;15237780;54;0.8;100;25;one;instances/le450_25b.col;450;8263
4;15209468;89;0.8;100;25;one;instances/le450_25b.col;450;8263
4;15115631;14;0.8;100;25;one;instances/le450_25b.col;450;8263
