0;425100;6;0.8;100;73;one;instances/miles1500.col;128;10396
0;871813;14;0.8;100;73;one;instances/miles1500.col;128;10396
0;1878932;31;0.8;100;73;one;instances/miles1500.col;128;10396
0;3117450;52;0.8;100;73;one;instances/miles1500.col;128;10396
0;404656;6;0.8;100;73;one;instances/miles1500.col;128;10396
2;6005146;1;0.8;100;73;one;instances/miles1500.col;128;10396
0;233906;3;0.8;100;73;one;instances/miles1500.col;128;10396
0;4142068;69;0.8;100;73;one;instances/miles1500.col;128;10396
0;1359566;22;0.8;100;73;one;instances/miles1500.col;128;10396
0;662407;10;0.8;100;73;one;instances/miles1500.col;128;10396
0;2052495;33;0.8;100;73;one;instances/miles1500.col;128;10396
0;306611;4;0.8;100;73;one;instances/miles1500.col;128;10396
0;523592;8;0.8;100;73;one;instances/miles1500.col;128;10396
0;621375;9;0.8;100;73;one;instances/miles1500.col;128;10396
0;2045907;33;0.8;100;73;one;instances/miles1500.col;128;10396
0;3039938;50;0.8;100;73;one;instances/miles1500.col;128;10396
2;6028240;9;0.8;100;73;one;instances/miles1500.col;128;10396
0;4120217;68;0.8;100;73;one;instances/miles1500.col;128;10396
0;3826195;63;0.8;100;73;one;instances/miles1500.col;128;10396
0;3741020;62;0.8;100;73;one;instances/miles1500.col;128;10396
0;179196;2;0.8;100;73;one;instances/miles1500.col;128;10396
2;5929862;3;0.8;100;73;one;instances/miles1500.col;128;10396
0;2079192;34;0.8;100;73;one;instances/miles1500.col;128;10396
0;3235481;53;0.8;100;73;one;instances/miles1500.col;128;10396
0;1251797;20;0.8;100;73;one;instances/miles1500.col;128;10396
0;5047785;84;0.8;100;73;one;instances/miles1500.col;128;10396
0;764453;12;0.8;100;73;one;instances/miles1500.col;128;10396
0;2680576;44;0.8;100;73;one;instances/miles1500.col;128;10396
0;1181819;19;0.8;100;73;one;instances/miles1500.col;128;10396
0;4103362;68;0.8;100;73;one;instances/miles1500.col;128;10396
0;49609;0;0.8;100;73;one;instances/miles1500.col;128;10396
0;2641460;44;0.8;100;73;one;instances/miles1500.col;128;10396
0;2928563;48;0.8;100;73;one;instances/miles1500.col;128;10396
2;5989676;10;0.8;100;73;one;instances/miles1500.col;128;10396
0;4398294;72;0.8;100;73;one;instances/miles1500.col;128;10396
0;3366380;55;0.8;100;73;one;instances/miles1500.col;128;10396
0;632507;10;0.8;100;73;one;instances/miles1500.col;128;10396
0;1532618;25;0.8;100;73;one;instances/miles1500.col;128;10396
0;1393955;22;0.8;100;73;one;instances/miles1500.col;128;10396
2;6132610;2;0.8;100;73;one;instances/miles1500.col;128;10396
0;111814;1;0.8;100;73;one;instances/miles1500.col;128;10396
0;1373007;22;0.8;100;73;one;instances/miles1500.col;128;10396
0;1105371;18;0.8;100;73;one;instances/miles1500.col;128;10396
0;528328;8;0.8;100;73;one;instances/miles1500.col;128;10396
0;4755357;78;0.8;100;73;one;instances/miles1500.col;128;10396
0;230879;3;0.8;100;73;one;instances/miles1500.col;128;10396
0;299147;4;0.8;100;73;one;instances/miles1500.col;128;10396
0;1607614;26;0.8;100;73;one;instances/miles1500.col;128;10396
0;1550888;25;0.8;100;73;one;instances/miles1500.col;128;10396
2;6040844;5;0.8;100;73;one;instances/miles1500.col;128;10396
