4;3345422;11;0.8;100;42;one;instances/miles1000.col;128;6432
2;3321326;52;0.8;100;42;one;instances/miles1000.col;128;6432
4;3365262;9;0.8;100;42;one;instances/miles1000.col;128;6432
4;3345528;9;0.8;100;42;one;instances/miles1000.col;128;6432
2;3333157;2;0.8;100;42;one;instances/miles1000.col;128;6432
2;3311718;63;0.8;100;42;one;instances/miles1000.col;128;6432
2;3343805;18;0.8;100;42;one;instances/miles1000.col;128;6432
4;3279530;1;0.8;100;42;one;instances/miles1000.col;128;6432
4;3317950;7;0.8;100;42;one;instances/miles1000.col;128;6432
4;3305954;7;0.8;100;42;one;instances/miles1000.col;128;6432
2;3336485;46;0.8;100;42;one;instances/miles1000.col;128;6432
2;3350709;8;0.8;100;42;one;instances/miles1000.col;128;6432
4;3327487;0;0.8;100;42;one;instances/miles1000.col;128;6432
2;3317011;93;0.8;100;42;one;instances/miles1000.col;128;6432
2;3332442;18;0.8;100;42;one;instances/miles1000.col;128;6432
2;3372388;78;0.8;100;42;one;instances/miles1000.col;128;6432
2;3352382;47;0.8;100;42;one;instances/miles1000.col;128;6432
2;3356471;67;0.8;100;42;one;instances/miles1000.col;128;6432
4;3356105;2;0.8;100;42;one;instances/miles1000.col;128;6432
2;3343257;18;0.8;100;42;one;instances/miles1000.col;128;6432
4;3345415;0;0.8;100;42;one;instances/miles1000.col;128;6432
4;3354472;7;0.8;100;42;one;instances/miles1000.col;128;6432
2;3368826;72;0.8;100;42;one;instances/miles1000.col;128;6432
2;3362986;39;0.8;100;42;one;instances/miles1000.col;128;6432
2;3327006;15;0.8;100;42;one;instances/miles1000.col;128;6432
4;3337563;3;0.8;100;42;one;instances/miles1000.col;128;6432
2;3344524;0;0.8;100;42;one;instances/miles1000.col;128;6432
4;3363027;0;0.8;100;42;one;instances/miles1000.col;128;6432
4;3347417;9;0.8;100;42;one;instances/miles1000.col;128;6432
2;3370228;3;0.8;100;42;one;instances/miles1000.col;128;6432
2;3379048;99;0.8;100;42;one;instances/miles1000.col;128;6432
4;3366649;5;0.8;100;42;one;instances/miles1000.col;128;6432
2;3375695;5;0.8;100;42;one;instances/miles1000.col;128;6432
2;3388245;74;0.8;100;42;one;instances/miles1000.col;128;6432
2;3380241;61;0.8;100;42;one;instances/miles1000.col;128;6432
2;3348503;77;0.8;100;42;one;instances/miles1000.col;128;6432
4;3318785;4;0.8;100;42;one;instances/miles1000.col;128;6432
4;3365147;1;0.8;100;42;one;instances/miles1000.col;128;6432
2;3369322;83;0.8;100;42;one;instances/miles1000.col;128;6432
2;3303003;0;0.8;100;42;one;instances/miles1000.col;128;6432
2;3344659;1;0.8;100;42;one;instances/miles1000.col;128;6432
4;3340716;7;0.8;100;42;one;instances/miles1000.col;128;6432
2;3388216;38;0.8;100;42;one;instances/miles1000.col;128;6432
2;3350509;15;0.8;100;42;one;instances/miles1000.col;128;6432
2;3390104;46;0.8;100;42;one;instances/miles1000.col;128;6432
2;3304150;23;0.8;100;42;one;instances/miles1000.col;128;6432
4;3365628;1;0.8;100;42;one;instances/miles1000.col;128;6432
2;3350873;24;0.8;100;42;one;instances/miles1000.col;128;6432
4;3381040;16;0.8;100;42;one;instances/miles1000.col;128;6432
2;3383493;5;0.8;100;42;one;instances/miles1000.col;128;6432
