81;3355032791;80;0.8;100;60;one;instances/qg.order60.col;3600;212400
78;3359099331;76;0.8;100;60;one;instances/qg.order60.col;3600;212400
79;3360653111;16;0.8;100;60;one;instances/qg.order60.col;3600;212400
82;3384267326;95;0.8;100;60;one;instances/qg.order60.col;3600;212400
76;3348761158;1;0.8;100;60;one;instances/qg.order60.col;3600;212400
77;3339299993;25;0.8;100;60;one;instances/qg.order60.col;3600;212400
76;3351861474;38;0.8;100;60;one;instances/qg.order60.col;3600;212400
71;3345337810;97;0.8;100;60;one;instances/qg.order60.col;3600;212400
82;3331586131;18;0.8;100;60;one;instances/qg.order60.col;3600;212400
79;3384179201;34;0.8;100;60;one;instances/qg.order60.col;3600;212400
80;3361235757;33;0.8;100;60;one;instances/qg.order60.col;3600;212400
77;3417847536;90;0.8;100;60;one;instances/qg.order60.col;3600;212400
84;3392504802;55;0.8;100;60;one;instances/qg.order60.col;3600;212400
79;3389829336;75;0.8;100;60;one;instances/qg.order60.col;3600;212400
81;3403963707;65;0.8;100;60;one;instances/qg.order60.col;3600;212400
80;3388247675;59;0.8;100;60;one;instances/qg.order60.col;3600;212400
74;3386257095;81;0.8;100;60;one;instances/qg.order60.col;3600;212400
80;3397353534;51;0.8;100;60;one;instances/qg.order60.col;3600;212400
78;3409070601;41;0.8;100;60;one;instances/qg.order60.col;3600;212400
79;3383446743;4;0.8;100;60;one;instances/qg.order60.col;3600;212400
75;3393782914;45;0.8;100;60;one;instances/qg.order60.col;3600;212400
82;3394097426;15;0.8;100;60;one;instances/qg.order60.col;3600;212400
81;3400383292;40;0.8;100;60;one;instances/qg.order60.col;3600;212400
82;3371245183;56;0.8;100;60;one;instances/qg.order60.col;3600;212400
80;3363724489;74;0.8;100;60;one;instances/qg.order60.col;3600;212400
