42;434618150;30;0.8;100;40;one;instances/qg.order40.col;1600;62400
42;436476982;92;0.8;100;40;one;instances/qg.order40.col;1600;62400
41;436683233;5;0.8;100;40;one;instances/qg.order40.col;1600;62400
42;431645485;44;0.8;100;40;one;instances/qg.order40.col;1600;62400
41;429831114;69;0.8;100;40;one;instances/qg.order40.col;1600;62400
44;434824209;8;0.8;100;40;one;instances/qg.order40.col;1600;62400
41;432093692;38;0.8;100;40;one;instances/qg.order40.col;1600;62400
43;429679557;8;0.8;100;40;one;instances/qg.order40.col;1600;62400
40;426717465;7;0.8;100;40;one;instances/qg.order40.col;1600;62400
43;430473170;81;0.8;100;40;one;instances/qg.order40.col;1600;62400
44;431358896;23;0.8;100;40;one;instances/qg.order40.col;1600;62400
38;430207335;27;0.8;100;40;one;instances/qg.order40.col;1600;62400
42;427681406;77;0.8;100;40;one;instances/qg.order40.col;1600;62400
44;432187525;4;0.8;100;40;one;instances/qg.order40.col;1600;62400
41;432664656;64;0.8;100;40;one;instances/qg.order40.col;1600;62400
40;434302799;3;0.8;100;40;one;instances/qg.order40.col;1600;62400
40;432060960;59;0.8;100;40;one;instances/qg.order40.col;1600;62400
44;431555781;92;0.8;100;40;one;instances/qg.order40.col;1600;62400
44;433102949;61;0.8;100;40;one;instances/qg.order40.col;1600;62400
40;432499549;89;0.8;100;40;one;instances/qg.order40.col;1600;62400
40;438579883;70;0.8;100;40;one;instances/qg.order40.col;1600;62400
39;436578407;32;0.8;100;40;one;instances/qg.order40.col;1600;62400
40;437009940;6;0.8;100;40;one;instances/qg.order40.col;1600;62400
43;433960131;18;0.8;100;40;one;instances/qg.order40.col;1600;62400
42;432415832;25;0.8;100;40;one;instances/qg.order40.col;1600;62400
