26;100604514;67;0.8;100;30;one;instances/qg.order30.col;900;26100
27;101460840;17;0.8;100;30;one;instances/qg.order30.col;900;26100
25;100460980;10;0.8;100;30;one;instances/qg.order30.col;900;26100
26;101523698;61;0.8;100;30;one;instances/qg.order30.col;900;26100
24;100897894;88;0.8;100;30;one;instances/qg.order30.col;900;26100
24;100911325;17;0.8;100;30;one;instances/qg.order30.col;900;26100
24;100032142;77;0.8;100;30;one;instances/qg.order30.col;900;26100
24;101247992;83;0.8;100;30;one;instances/qg.order30.col;900;26100
28;101995049;4;0.8;100;30;one;instances/qg.order30.col;900;26100
26;111915037;99;0.8;100;30;one;instances/qg.order30.col;900;26100
26;101956214;21;0.8;100;30;one;instances/qg.order30.col;900;26100
24;100918193;47;0.8;100;30;one;instances/qg.order30.col;900;26100
28;101815428;3;0.8;100;30;one;instances/qg.order30.col;900;26100
26;102043721;57;0.8;100;30;one;instances/qg.order30.col;900;26100
24;101771007;90;0.8;100;30;one;instances/qg.order30.col;900;26100
22;102157227;74;0.8;100;30;one;instances/qg.order30.col;900;26100
25;100470591;35;0.8;100;30;one;instances/qg.order30.col;900;26100
27;103957163;47;0.8;100;30;one;instances/qg.order30.col;900;26100
26;100906229;0;0.8;100;30;one;instances/qg.order30.col;900;26100
22;101091441;10;0.8;100;30;one;instances/qg.order30.col;900;26100
25;101297674;30;0.8;100;30;one;instances/qg.order30.col;900;26100
23;101235094;84;0.8;100;30;one;instances/qg.order30.col;900;26100
27;102422217;53;0.8;100;30;one;instances/qg.order30.col;900;26100
26;101370719;38;0.8;100;30;one;instances/qg.order30.col;900;26100
24;101884059;35;0.8;100;30;one;instances/qg.order30.col;900;26100
