64;4156259;72;0.8;100;13;one;instances/queen13_13.col;169;6656
70;4143393;98;0.8;100;13;one;instances/queen13_13.col;169;6656
70;4172971;23;0.8;100;13;one;instances/queen13_13.col;169;6656
64;4120329;56;0.8;100;13;one;instances/queen13_13.col;169;6656
68;4122970;58;0.8;100;13;one;instances/queen13_13.col;169;6656
62;4160602;67;0.8;100;13;one;instances/queen13_13.col;169;6656
68;4157985;4;0.8;100;13;one;instances/queen13_13.col;169;6656
68;4107816;79;0.8;100;13;one;instances/queen13_13.col;169;6656
68;4095077;35;0.8;100;13;one;instances/queen13_13.col;169;6656
60;4182648;63;0.8;100;13;one;instances/queen13_13.col;169;6656
68;4142415;54;0.8;100;13;one;instances/queen13_13.col;169;6656
66;4199882;37;0.8;100;13;one;instances/queen13_13.col;169;6656
70;4142528;7;0.8;100;13;one;instances/queen13_13.col;169;6656
68;4168257;59;0.8;100;13;one;instances/queen13_13.col;169;6656
66;4139209;88;0.8;100;13;one;instances/queen13_13.col;169;6656
64;4222046;18;0.8;100;13;one;instances/queen13_13.col;169;6656
66;4142565;9;0.8;100;13;one;instances/queen13_13.col;169;6656
68;4137876;61;0.8;100;13;one;instances/queen13_13.col;169;6656
64;4190710;75;0.8;100;13;one;instances/queen13_13.col;169;6656
68;4193226;2;0.8;100;13;one;instances/queen13_13.col;169;6656
68;4190707;2;0.8;100;13;one;instances/queen13_13.col;169;6656
64;4180988;1;0.8;100;13;one;instances/queen13_13.col;169;6656
66;4221703;92;0.8;100;13;one;instances/queen13_13.col;169;6656
66;4206320;25;0.8;100;13;one;instances/queen13_13.col;169;6656
68;4191975;85;0.8;100;13;one;instances/queen13_13.col;169;6656
68;4199024;79;0.8;100;13;one;instances/queen13_13.col;169;6656
70;4209651;85;0.8;100;13;one;instances/queen13_13.col;169;6656
70;4170200;51;0.8;100;13;one;instances/queen13_13.col;169;6656
70;4184661;13;0.8;100;13;one;instances/queen13_13.col;169;6656
68;4203275;2;0.8;100;13;one;instances/queen13_13.col;169;6656
62;4195278;36;0.8;100;13;one;instances/queen13_13.col;169;6656
66;4186515;35;0.8;100;13;one;instances/queen13_13.col;169;6656
66;4176443;24;0.8;100;13;one;instances/queen13_13.col;169;6656
68;4220981;3;0.8;100;13;one;instances/queen13_13.col;169;6656
66;4175416;73;0.8;100;13;one;instances/queen13_13.col;169;6656
70;4143519;35;0.8;100;13;one;instances/queen13_13.col;169;6656
70;4243935;3;0.8;100;13;one;instances/queen13_13.col;169;6656
70;4160845;46;0.8;100;13;one;instances/queen13_13.col;169;6656
66;4190832;97;0.8;100;13;one;instances/queen13_13.col;169;6656
70;4148363;11;0.8;100;13;one;instances/queen13_13.col;169;6656
70;4207357;9;0.8;100;13;one;instances/queen13_13.col;169;6656
68;4143406;11;0.8;100;13;one;instances/queen13_13.col;169;6656
70;4174420;53;0.8;100;13;one;instances/queen13_13.col;169;6656
66;4187607;22;0.8;100;13;one;instances/queen13_13.col;169;6656
68;4180199;23;0.8;100;13;one;instances/queen13_13.col;169;6656
66;4171246;59;0.8;100;13;one;instances/queen13_13.col;169;6656
62;4211623;65;0.8;100;13;one;instances/queen13_13.col;169;6656
64;4231003;86;0.8;100;13;one;instances/queen13_13.col;169;6656
68;4186877;11;0.8;100;13;one;instances/queen13_13.col;169;6656
68;4186229;13;0.8;100;13;one;instances/queen13_13.col;169;6656
