48;1800111;69;0.8;100;11;one;instances/queen11_11.col;121;3960
50;1828538;51;0.8;100;11;one;instances/queen11_11.col;121;3960
46;1788824;0;0.8;100;11;one;instances/queen11_11.col;121;3960
44;1802849;21;0.8;100;11;one;instances/queen11_11.col;121;3960
44;1822036;80;0.8;100;11;one;instances/queen11_11.col;121;3960
50;1798309;30;0.8;100;11;one;instances/queen11_11.col;121;3960
50;1779838;63;0.8;100;11;one;instances/queen11_11.col;121;3960
46;1795463;58;0.8;100;11;one;instances/queen11_11.col;121;3960
52;1795986;7;0.8;100;11;one;instances/queen11_11.col;121;3960
48;1813624;48;0.8;100;11;one;instances/queen11_11.col;121;3960
48;1777074;52;0.8;100;11;one;instances/queen11_11.col;121;3960
48;1803987;13;0.8;100;11;one;instances/queen11_11.col;121;3960
50;1807133;15;0.8;100;11;one;instances/queen11_11.col;121;3960
48;1822055;81;0.8;100;11;one;instances/queen11_11.col;121;3960
50;1782626;78;0.8;100;11;one;instances/queen11_11.col;121;3960
50;1769873;62;0.8;100;11;one;instances/queen11_11.col;121;3960
48;1804151;75;0.8;100;11;one;instances/queen11_11.col;121;3960
48;1807325;16;0.8;100;11;one;instances/queen11_11.col;121;3960
50;1801925;6;0.8;100;11;one;instances/queen11_11.col;121;3960
50;1848958;42;0.8;100;11;one;instances/queen11_11.col;121;3960
48;1790269;43;0.8;100;11;one;instances/queen11_11.col;121;3960
48;1785586;49;0.8;100;11;one;instances/queen11_11.col;121;3960
50;1791790;7;0.8;100;11;one;instances/queen11_11.col;121;3960
50;1826056;33;0.8;100;11;one;instances/queen11_11.col;121;3960
50;1778526;48;0.8;100;11;one;instances/queen11_11.col;121;3960
