23;383680586;43;0.2;100;4;swap;instances/ash608GPIA.col;1216;7844
38;380524836;8;0.2;100;4;swap;instances/ash608GPIA.col;1216;7844
32;397566707;52;0.2;100;4;swap;instances/ash608GPIA.col;1216;7844
33;370336720;38;0.2;100;4;swap;instances/ash608GPIA.col;1216;7844
45;369886819;56;0.2;100;4;swap;instances/ash608GPIA.col;1216;7844
25;391172658;14;0.2;100;4;swap;instances/ash608GPIA.col;1216;7844
41;372195076;36;0.2;100;4;swap;instances/ash608GPIA.col;1216;7844
37;375587500;93;0.2;100;4;swap;instances/ash608GPIA.col;1216;7844
35;355898540;87;0.2;100;4;swap;instances/ash608GPIA.col;1216;7844
43;375113611;0;0.2;100;4;swap;instances/ash608GPIA.col;1216;7844
41;377961208;13;0.2;100;4;swap;instances/ash608GPIA.col;1216;7844
38;385438450;34;0.2;100;4;swap;instances/ash608GPIA.col;1216;7844
39;373933286;47;0.2;100;4;swap;instances/ash608GPIA.col;1216;7844
32;362473296;54;0.2;100;4;swap;instances/ash608GPIA.col;1216;7844
38;377051555;72;0.2;100;4;swap;instances/ash608GPIA.col;1216;7844
33;389922117;13;0.2;100;4;swap;instances/ash608GPIA.col;1216;7844
35;391014151;65;0.2;100;4;swap;instances/ash608GPIA.col;1216;7844
32;369677517;83;0.2;100;4;swap;instances/ash608GPIA.col;1216;7844
34;373464702;32;0.2;100;4;swap;instances/ash608GPIA.col;1216;7844
37;362842053;24;0.2;100;4;swap;instances/ash608GPIA.col;1216;7844
37;364721766;83;0.2;100;4;swap;instances/ash608GPIA.col;1216;7844
45;383846168;6;0.2;100;4;swap;instances/ash608GPIA.col;1216;7844
39;374794258;81;0.2;100;4;swap;instances/ash608GPIA.col;1216;7844
31;360616600;27;0.2;100;4;swap;instances/ash608GPIA.col;1216;7844
38;360642514;37;0.2;100;4;swap;instances/ash608GPIA.col;1216;7844
