63;29272474;0.2;100;28;swap;instances/DSJC250.5.col;250;15668
66;29353808;0.2;100;28;swap;instances/DSJC250.5.col;250;15668
67;28840320;0.2;100;28;swap;instances/DSJC250.5.col;250;15668
64;28152112;0.2;100;28;swap;instances/DSJC250.5.col;250;15668
67;26164684;0.2;100;28;swap;instances/DSJC250.5.col;250;15668
66;26806985;0.2;100;28;swap;instances/DSJC250.5.col;250;15668
63;27885278;0.2;100;28;swap;instances/DSJC250.5.col;250;15668
68;28984012;0.2;100;28;swap;instances/DSJC250.5.col;250;15668
67;29460963;0.2;100;28;swap;instances/DSJC250.5.col;250;15668
65;29616272;0.2;100;28;swap;instances/DSJC250.5.col;250;15668
67;27237359;0.2;100;28;swap;instances/DSJC250.5.col;250;15668
65;29403719;0.2;100;28;swap;instances/DSJC250.5.col;250;15668
63;29527142;0.2;100;28;swap;instances/DSJC250.5.col;250;15668
66;27727885;0.2;100;28;swap;instances/DSJC250.5.col;250;15668
64;28201460;0.2;100;28;swap;instances/DSJC250.5.col;250;15668
63;28131248;0.2;100;28;swap;instances/DSJC250.5.col;250;15668
60;29095691;0.2;100;28;swap;instances/DSJC250.5.col;250;15668
62;27946448;0.2;100;28;swap;instances/DSJC250.5.col;250;15668
63;28820924;0.2;100;28;swap;instances/DSJC250.5.col;250;15668
65;29548755;0.2;100;28;swap;instances/DSJC250.5.col;250;15668
70;27992214;0.2;100;28;swap;instances/DSJC250.5.col;250;15668
68;27817356;0.2;100;28;swap;instances/DSJC250.5.col;250;15668
67;29274007;0.2;100;28;swap;instances/DSJC250.5.col;250;15668
67;28972089;0.2;100;28;swap;instances/DSJC250.5.col;250;15668
69;30959903;0.2;100;28;swap;instances/DSJC250.5.col;250;15668
64;28377042;0.2;100;28;swap;instances/DSJC250.5.col;250;15668
64;27730813;0.2;100;28;swap;instances/DSJC250.5.col;250;15668
62;28421160;0.2;100;28;swap;instances/DSJC250.5.col;250;15668
68;28931505;0.2;100;28;swap;instances/DSJC250.5.col;250;15668
66;28654402;0.2;100;28;swap;instances/DSJC250.5.col;250;15668
64;29614341;0.2;100;28;swap;instances/DSJC250.5.col;250;15668
65;28601841;0.2;100;28;swap;instances/DSJC250.5.col;250;15668
63;27889128;0.2;100;28;swap;instances/DSJC250.5.col;250;15668
67;27998697;0.2;100;28;swap;instances/DSJC250.5.col;250;15668
67;29044286;0.2;100;28;swap;instances/DSJC250.5.col;250;15668
64;27622010;0.2;100;28;swap;instances/DSJC250.5.col;250;15668
63;28352906;0.2;100;28;swap;instances/DSJC250.5.col;250;15668
63;27827256;0.2;100;28;swap;instances/DSJC250.5.col;250;15668
67;27476037;0.2;100;28;swap;instances/DSJC250.5.col;250;15668
65;28576114;0.2;100;28;swap;instances/DSJC250.5.col;250;15668
65;28827712;0.2;100;28;swap;instances/DSJC250.5.col;250;15668
63;28992210;0.2;100;28;swap;instances/DSJC250.5.col;250;15668
61;29534652;0.2;100;28;swap;instances/DSJC250.5.col;250;15668
67;29585053;0.2;100;28;swap;instances/DSJC250.5.col;250;15668
65;30062070;0.2;100;28;swap;instances/DSJC250.5.col;250;15668
65;30854171;0.2;100;28;swap;instances/DSJC250.5.col;250;15668
64;26993190;0.2;100;28;swap;instances/DSJC250.5.col;250;15668
62;28349554;0.2;100;28;swap;instances/DSJC250.5.col;250;15668
67;28825638;0.2;100;28;swap;instances/DSJC250.5.col;250;15668
63;28454924;0.2;100;28;swap;instances/DSJC250.5.col;250;15668
69;28215801;0.2;100;28;swap;instances/DSJC250.5.col;250;15668
65;28741500;0.2;100;28;swap;instances/DSJC250.5.col;250;15668
64;27472599;0.2;100;28;swap;instances/DSJC250.5.col;250;15668
67;29519959;0.2;100;28;swap;instances/DSJC250.5.col;250;15668
68;29841065;0.2;100;28;swap;instances/DSJC250.5.col;250;15668
66;28176132;0.2;100;28;swap;instances/DSJC250.5.col;250;15668
68;28381335;0.2;100;28;swap;instances/DSJC250.5.col;250;15668
66;28864683;0.2;100;28;swap;instances/DSJC250.5.col;250;15668
67;29058508;0.2;100;28;swap;instances/DSJC250.5.col;250;15668
66;26071281;0.2;100;28;swap;instances/DSJC250.5.col;250;15668
68;28846218;0.2;100;28;swap;instances/DSJC250.5.col;250;15668
69;27568135;0.2;100;28;swap;instances/DSJC250.5.col;250;15668
66;28944230;0.2;100;28;swap;instances/DSJC250.5.col;250;15668
63;28880343;0.2;100;28;swap;instances/DSJC250.5.col;250;15668
67;30238084;0.2;100;28;swap;instances/DSJC250.5.col;250;15668
67;28507823;0.2;100;28;swap;instances/DSJC250.5.col;250;15668
66;27802168;0.2;100;28;swap;instances/DSJC250.5.col;250;15668
65;28560321;0.2;100;28;swap;instances/DSJC250.5.col;250;15668
67;28348474;0.2;100;28;swap;instances/DSJC250.5.col;250;15668
66;27451003;0.2;100;28;swap;instances/DSJC250.5.col;250;15668
68;27684729;0.2;100;28;swap;instances/DSJC250.5.col;250;15668
66;29242566;0.2;100;28;swap;instances/DSJC250.5.col;250;15668
68;27832104;0.2;100;28;swap;instances/DSJC250.5.col;250;15668
68;27656870;0.2;100;28;swap;instances/DSJC250.5.col;250;15668
69;28753488;0.2;100;28;swap;instances/DSJC250.5.col;250;15668
67;28908288;0.2;100;28;swap;instances/DSJC250.5.col;250;15668
64;29845116;0.2;100;28;swap;instances/DSJC250.5.col;250;15668
66;28038212;0.2;100;28;swap;instances/DSJC250.5.col;250;15668
62;28944305;0.2;100;28;swap;instances/DSJC250.5.col;250;15668
65;27267079;0.2;100;28;swap;instances/DSJC250.5.col;250;15668
62;29687579;0.2;100;28;swap;instances/DSJC250.5.col;250;15668
68;27738391;0.2;100;28;swap;instances/DSJC250.5.col;250;15668
67;28300273;0.2;100;28;swap;instances/DSJC250.5.col;250;15668
66;28396099;0.2;100;28;swap;instances/DSJC250.5.col;250;15668
66;27632436;0.2;100;28;swap;instances/DSJC250.5.col;250;15668
69;27376767;0.2;100;28;swap;instances/DSJC250.5.col;250;15668
67;27652283;0.2;100;28;swap;instances/DSJC250.5.col;250;15668
70;28632842;0.2;100;28;swap;instances/DSJC250.5.col;250;15668
68;29981097;0.2;100;28;swap;instances/DSJC250.5.col;250;15668
65;28838136;0.2;100;28;swap;instances/DSJC250.5.col;250;15668
60;28505356;0.2;100;28;swap;instances/DSJC250.5.col;250;15668
67;29040715;0.2;100;28;swap;instances/DSJC250.5.col;250;15668
67;28195534;0.2;100;28;swap;instances/DSJC250.5.col;250;15668
67;30139342;0.2;100;28;swap;instances/DSJC250.5.col;250;15668
66;28561331;0.2;100;28;swap;instances/DSJC250.5.col;250;15668
64;28817292;0.2;100;28;swap;instances/DSJC250.5.col;250;15668
61;29485499;0.2;100;28;swap;instances/DSJC250.5.col;250;15668
62;28798933;0.2;100;28;swap;instances/DSJC250.5.col;250;15668
63;29160184;0.2;100;28;swap;instances/DSJC250.5.col;250;15668
65;27256649;0.2;100;28;swap;instances/DSJC250.5.col;250;15668
