33;21582282;95;0.2;100;8;swap;instances/DSJC250.1.col;250;3218
34;20995932;55;0.2;100;8;swap;instances/DSJC250.1.col;250;3218
35;21786051;25;0.2;100;8;swap;instances/DSJC250.1.col;250;3218
35;20645618;31;0.2;100;8;swap;instances/DSJC250.1.col;250;3218
34;23048632;68;0.2;100;8;swap;instances/DSJC250.1.col;250;3218
36;23375379;28;0.2;100;8;swap;instances/DSJC250.1.col;250;3218
35;21959506;20;0.2;100;8;swap;instances/DSJC250.1.col;250;3218
33;20709994;54;0.2;100;8;swap;instances/DSJC250.1.col;250;3218
35;21346269;46;0.2;100;8;swap;instances/DSJC250.1.col;250;3218
36;21446935;71;0.2;100;8;swap;instances/DSJC250.1.col;250;3218
32;21036065;79;0.2;100;8;swap;instances/DSJC250.1.col;250;3218
36;21505844;35;0.2;100;8;swap;instances/DSJC250.1.col;250;3218
35;21625105;11;0.2;100;8;swap;instances/DSJC250.1.col;250;3218
34;21981882;46;0.2;100;8;swap;instances/DSJC250.1.col;250;3218
38;21141531;17;0.2;100;8;swap;instances/DSJC250.1.col;250;3218
36;20506537;80;0.2;100;8;swap;instances/DSJC250.1.col;250;3218
30;20906755;73;0.2;100;8;swap;instances/DSJC250.1.col;250;3218
35;21273573;62;0.2;100;8;swap;instances/DSJC250.1.col;250;3218
35;21061784;80;0.2;100;8;swap;instances/DSJC250.1.col;250;3218
35;21476401;1;0.2;100;8;swap;instances/DSJC250.1.col;250;3218
38;21045058;47;0.2;100;8;swap;instances/DSJC250.1.col;250;3218
33;21050855;17;0.2;100;8;swap;instances/DSJC250.1.col;250;3218
35;21196724;5;0.2;100;8;swap;instances/DSJC250.1.col;250;3218
35;23126274;4;0.2;100;8;swap;instances/DSJC250.1.col;250;3218
37;20621158;1;0.2;100;8;swap;instances/DSJC250.1.col;250;3218
34;10554145;77;0.2;100;8;swap;instances/DSJC250.1.col;250;3218
35;10652749;76;0.2;100;8;swap;instances/DSJC250.1.col;250;3218
33;11420444;7;0.2;100;8;swap;instances/DSJC250.1.col;250;3218
34;10737736;74;0.2;100;8;swap;instances/DSJC250.1.col;250;3218
33;11293149;5;0.2;100;8;swap;instances/DSJC250.1.col;250;3218
36;11197818;46;0.2;100;8;swap;instances/DSJC250.1.col;250;3218
38;10357714;59;0.2;100;8;swap;instances/DSJC250.1.col;250;3218
36;12198514;0;0.2;100;8;swap;instances/DSJC250.1.col;250;3218
35;11222623;42;0.2;100;8;swap;instances/DSJC250.1.col;250;3218
35;10841004;60;0.2;100;8;swap;instances/DSJC250.1.col;250;3218
33;11460151;75;0.2;100;8;swap;instances/DSJC250.1.col;250;3218
33;10340107;31;0.2;100;8;swap;instances/DSJC250.1.col;250;3218
36;10110393;60;0.2;100;8;swap;instances/DSJC250.1.col;250;3218
34;10778545;72;0.2;100;8;swap;instances/DSJC250.1.col;250;3218
36;10044247;2;0.2;100;8;swap;instances/DSJC250.1.col;250;3218
29;11264001;68;0.2;100;8;swap;instances/DSJC250.1.col;250;3218
32;11224368;90;0.2;100;8;swap;instances/DSJC250.1.col;250;3218
31;11015696;21;0.2;100;8;swap;instances/DSJC250.1.col;250;3218
31;11893189;71;0.2;100;8;swap;instances/DSJC250.1.col;250;3218
37;10909382;9;0.2;100;8;swap;instances/DSJC250.1.col;250;3218
28;10715014;34;0.2;100;8;swap;instances/DSJC250.1.col;250;3218
34;11596623;20;0.2;100;8;swap;instances/DSJC250.1.col;250;3218
34;11376506;85;0.2;100;8;swap;instances/DSJC250.1.col;250;3218
30;10995913;97;0.2;100;8;swap;instances/DSJC250.1.col;250;3218
32;10845717;66;0.2;100;8;swap;instances/DSJC250.1.col;250;3218
