108;125760756;0.2;100;12;swap;instances/DSJC500.1.col;500;12458
101;127983302;0.2;100;12;swap;instances/DSJC500.1.col;500;12458
105;127176176;0.2;100;12;swap;instances/DSJC500.1.col;500;12458
98;121405766;0.2;100;12;swap;instances/DSJC500.1.col;500;12458
108;121735263;0.2;100;12;swap;instances/DSJC500.1.col;500;12458
103;122273917;0.2;100;12;swap;instances/DSJC500.1.col;500;12458
101;125007280;0.2;100;12;swap;instances/DSJC500.1.col;500;12458
97;127142660;0.2;100;12;swap;instances/DSJC500.1.col;500;12458
99;119273692;0.2;100;12;swap;instances/DSJC500.1.col;500;12458
97;122187549;0.2;100;12;swap;instances/DSJC500.1.col;500;12458
104;123929130;0.2;100;12;swap;instances/DSJC500.1.col;500;12458
98;123785033;0.2;100;12;swap;instances/DSJC500.1.col;500;12458
101;119097559;0.2;100;12;swap;instances/DSJC500.1.col;500;12458
104;128104607;0.2;100;12;swap;instances/DSJC500.1.col;500;12458
102;123548188;0.2;100;12;swap;instances/DSJC500.1.col;500;12458
106;123061325;0.2;100;12;swap;instances/DSJC500.1.col;500;12458
107;126392199;0.2;100;12;swap;instances/DSJC500.1.col;500;12458
101;126551295;0.2;100;12;swap;instances/DSJC500.1.col;500;12458
101;120493141;0.2;100;12;swap;instances/DSJC500.1.col;500;12458
99;123664701;0.2;100;12;swap;instances/DSJC500.1.col;500;12458
96;125270283;0.2;100;12;swap;instances/DSJC500.1.col;500;12458
104;123740906;0.2;100;12;swap;instances/DSJC500.1.col;500;12458
104;122412276;0.2;100;12;swap;instances/DSJC500.1.col;500;12458
105;127540653;0.2;100;12;swap;instances/DSJC500.1.col;500;12458
103;135041623;0.2;100;12;swap;instances/DSJC500.1.col;500;12458
104;126689349;0.2;100;12;swap;instances/DSJC500.1.col;500;12458
107;123616506;0.2;100;12;swap;instances/DSJC500.1.col;500;12458
105;125811224;0.2;100;12;swap;instances/DSJC500.1.col;500;12458
102;125639948;0.2;100;12;swap;instances/DSJC500.1.col;500;12458
103;129426696;0.2;100;12;swap;instances/DSJC500.1.col;500;12458
104;123076257;0.2;100;12;swap;instances/DSJC500.1.col;500;12458
102;127536212;0.2;100;12;swap;instances/DSJC500.1.col;500;12458
98;128765767;0.2;100;12;swap;instances/DSJC500.1.col;500;12458
103;129276034;0.2;100;12;swap;instances/DSJC500.1.col;500;12458
98;126906577;0.2;100;12;swap;instances/DSJC500.1.col;500;12458
100;126155292;0.2;100;12;swap;instances/DSJC500.1.col;500;12458
102;132908740;0.2;100;12;swap;instances/DSJC500.1.col;500;12458
102;125924489;0.2;100;12;swap;instances/DSJC500.1.col;500;12458
103;122597919;0.2;100;12;swap;instances/DSJC500.1.col;500;12458
100;124049679;0.2;100;12;swap;instances/DSJC500.1.col;500;12458
104;119211220;0.2;100;12;swap;instances/DSJC500.1.col;500;12458
104;128433589;0.2;100;12;swap;instances/DSJC500.1.col;500;12458
99;123133061;0.2;100;12;swap;instances/DSJC500.1.col;500;12458
98;120485016;0.2;100;12;swap;instances/DSJC500.1.col;500;12458
96;120460182;0.2;100;12;swap;instances/DSJC500.1.col;500;12458
101;129854938;0.2;100;12;swap;instances/DSJC500.1.col;500;12458
103;125736759;0.2;100;12;swap;instances/DSJC500.1.col;500;12458
103;125256346;0.2;100;12;swap;instances/DSJC500.1.col;500;12458
101;128194479;0.2;100;12;swap;instances/DSJC500.1.col;500;12458
106;127137752;0.2;100;12;swap;instances/DSJC500.1.col;500;12458
106;123001651;0.2;100;12;swap;instances/DSJC500.1.col;500;12458
106;121847532;0.2;100;12;swap;instances/DSJC500.1.col;500;12458
100;122030333;0.2;100;12;swap;instances/DSJC500.1.col;500;12458
95;126914238;0.2;100;12;swap;instances/DSJC500.1.col;500;12458
101;125998470;0.2;100;12;swap;instances/DSJC500.1.col;500;12458
105;125379115;0.2;100;12;swap;instances/DSJC500.1.col;500;12458
103;121289045;0.2;100;12;swap;instances/DSJC500.1.col;500;12458
99;129964401;0.2;100;12;swap;instances/DSJC500.1.col;500;12458
97;129447899;0.2;100;12;swap;instances/DSJC500.1.col;500;12458
102;123581223;0.2;100;12;swap;instances/DSJC500.1.col;500;12458
105;125214734;0.2;100;12;swap;instances/DSJC500.1.col;500;12458
105;123738865;0.2;100;12;swap;instances/DSJC500.1.col;500;12458
97;122401042;0.2;100;12;swap;instances/DSJC500.1.col;500;12458
104;124360160;0.2;100;12;swap;instances/DSJC500.1.col;500;12458
103;123177360;0.2;100;12;swap;instances/DSJC500.1.col;500;12458
103;125508351;0.2;100;12;swap;instances/DSJC500.1.col;500;12458
106;127755469;0.2;100;12;swap;instances/DSJC500.1.col;500;12458
99;123183034;0.2;100;12;swap;instances/DSJC500.1.col;500;12458
93;125746121;0.2;100;12;swap;instances/DSJC500.1.col;500;12458
102;128121744;0.2;100;12;swap;instances/DSJC500.1.col;500;12458
98;130049576;0.2;100;12;swap;instances/DSJC500.1.col;500;12458
106;124427796;0.2;100;12;swap;instances/DSJC500.1.col;500;12458
102;125981464;0.2;100;12;swap;instances/DSJC500.1.col;500;12458
102;127552892;0.2;100;12;swap;instances/DSJC500.1.col;500;12458
103;124848297;0.2;100;12;swap;instances/DSJC500.1.col;500;12458
103;125802088;0.2;100;12;swap;instances/DSJC500.1.col;500;12458
105;121269554;0.2;100;12;swap;instances/DSJC500.1.col;500;12458
103;128023463;0.2;100;12;swap;instances/DSJC500.1.col;500;12458
104;124483168;0.2;100;12;swap;instances/DSJC500.1.col;500;12458
104;128706759;0.2;100;12;swap;instances/DSJC500.1.col;500;12458
104;127371591;0.2;100;12;swap;instances/DSJC500.1.col;500;12458
106;126107486;0.2;100;12;swap;instances/DSJC500.1.col;500;12458
107;128436303;0.2;100;12;swap;instances/DSJC500.1.col;500;12458
100;127099476;0.2;100;12;swap;instances/DSJC500.1.col;500;12458
105;121679525;0.2;100;12;swap;instances/DSJC500.1.col;500;12458
106;120366962;0.2;100;12;swap;instances/DSJC500.1.col;500;12458
98;125899951;0.2;100;12;swap;instances/DSJC500.1.col;500;12458
106;123693392;0.2;100;12;swap;instances/DSJC500.1.col;500;12458
103;124260883;0.2;100;12;swap;instances/DSJC500.1.col;500;12458
104;126736536;0.2;100;12;swap;instances/DSJC500.1.col;500;12458
99;126950618;0.2;100;12;swap;instances/DSJC500.1.col;500;12458
107;126848368;0.2;100;12;swap;instances/DSJC500.1.col;500;12458
101;124475158;0.2;100;12;swap;instances/DSJC500.1.col;500;12458
103;127078627;0.2;100;12;swap;instances/DSJC500.1.col;500;12458
102;127412852;0.2;100;12;swap;instances/DSJC500.1.col;500;12458
103;125082855;0.2;100;12;swap;instances/DSJC500.1.col;500;12458
97;129240700;0.2;100;12;swap;instances/DSJC500.1.col;500;12458
101;123189235;0.2;100;12;swap;instances/DSJC500.1.col;500;12458
99;123766835;0.2;100;12;swap;instances/DSJC500.1.col;500;12458
100;122422106;0.2;100;12;swap;instances/DSJC500.1.col;500;12458
