248;1340579049;59;0.2;100;20;swap;instances/DSJC1000.1.col;1000;49629
240;1400813724;74;0.2;100;20;swap;instances/DSJC1000.1.col;1000;49629
237;1301110961;88;0.2;100;20;swap;instances/DSJC1000.1.col;1000;49629
238;1370949496;74;0.2;100;20;swap;instances/DSJC1000.1.col;1000;49629
240;1327652989;88;0.2;100;20;swap;instances/DSJC1000.1.col;1000;49629
246;1378134780;7;0.2;100;20;swap;instances/DSJC1000.1.col;1000;49629
248;1360920740;59;0.2;100;20;swap;instances/DSJC1000.1.col;1000;49629
235;1346471877;57;0.2;100;20;swap;instances/DSJC1000.1.col;1000;49629
242;1380158176;53;0.2;100;20;swap;instances/DSJC1000.1.col;1000;49629
241;1395712931;13;0.2;100;20;swap;instances/DSJC1000.1.col;1000;49629
238;1297814941;45;0.2;100;20;swap;instances/DSJC1000.1.col;1000;49629
235;1384317225;82;0.2;100;20;swap;instances/DSJC1000.1.col;1000;49629
242;1382830883;22;0.2;100;20;swap;instances/DSJC1000.1.col;1000;49629
236;1407213199;99;0.2;100;20;swap;instances/DSJC1000.1.col;1000;49629
240;1331282835;64;0.2;100;20;swap;instances/DSJC1000.1.col;1000;49629
237;1390338929;35;0.2;100;20;swap;instances/DSJC1000.1.col;1000;49629
236;1399465273;77;0.2;100;20;swap;instances/DSJC1000.1.col;1000;49629
240;1330535675;31;0.2;100;20;swap;instances/DSJC1000.1.col;1000;49629
235;1388310000;99;0.2;100;20;swap;instances/DSJC1000.1.col;1000;49629
246;1355737642;89;0.2;100;20;swap;instances/DSJC1000.1.col;1000;49629
230;1402918392;28;0.2;100;20;swap;instances/DSJC1000.1.col;1000;49629
240;1340982752;35;0.2;100;20;swap;instances/DSJC1000.1.col;1000;49629
226;1396632473;49;0.2;100;20;swap;instances/DSJC1000.1.col;1000;49629
245;1332476357;45;0.2;100;20;swap;instances/DSJC1000.1.col;1000;49629
242;1390100450;41;0.2;100;20;swap;instances/DSJC1000.1.col;1000;49629
238;1354845048;84;0.2;100;20;swap;instances/DSJC1000.1.col;1000;49629
231;1378469917;29;0.2;100;20;swap;instances/DSJC1000.1.col;1000;49629
245;1355895935;25;0.2;100;20;swap;instances/DSJC1000.1.col;1000;49629
238;1356978852;25;0.2;100;20;swap;instances/DSJC1000.1.col;1000;49629
234;1439807977;7;0.2;100;20;swap;instances/DSJC1000.1.col;1000;49629
247;1342979382;46;0.2;100;20;swap;instances/DSJC1000.1.col;1000;49629
244;1317179674;51;0.2;100;20;swap;instances/DSJC1000.1.col;1000;49629
233;1383052888;16;0.2;100;20;swap;instances/DSJC1000.1.col;1000;49629
234;1398118149;87;0.2;100;20;swap;instances/DSJC1000.1.col;1000;49629
241;1349967512;13;0.2;100;20;swap;instances/DSJC1000.1.col;1000;49629
229;1429416583;67;0.2;100;20;swap;instances/DSJC1000.1.col;1000;49629
239;1396665782;71;0.2;100;20;swap;instances/DSJC1000.1.col;1000;49629
241;1396651095;75;0.2;100;20;swap;instances/DSJC1000.1.col;1000;49629
232;1431138440;26;0.2;100;20;swap;instances/DSJC1000.1.col;1000;49629
244;1349237480;46;0.2;100;20;swap;instances/DSJC1000.1.col;1000;49629
235;1364975363;20;0.2;100;20;swap;instances/DSJC1000.1.col;1000;49629
243;1371443844;80;0.2;100;20;swap;instances/DSJC1000.1.col;1000;49629
238;1325522084;51;0.2;100;20;swap;instances/DSJC1000.1.col;1000;49629
230;1377733186;39;0.2;100;20;swap;instances/DSJC1000.1.col;1000;49629
242;1306565356;56;0.2;100;20;swap;instances/DSJC1000.1.col;1000;49629
242;1376161459;17;0.2;100;20;swap;instances/DSJC1000.1.col;1000;49629
246;1414254367;15;0.2;100;20;swap;instances/DSJC1000.1.col;1000;49629
241;1352412736;41;0.2;100;20;swap;instances/DSJC1000.1.col;1000;49629
241;1371012767;5;0.2;100;20;swap;instances/DSJC1000.1.col;1000;49629
239;1312668730;74;0.2;100;20;swap;instances/DSJC1000.1.col;1000;49629
