160;245741450;73;0.2;100;48;swap;instances/DSJC500.5.col;500;62624
159;242409164;4;0.2;100;48;swap;instances/DSJC500.5.col;500;62624
157;257305853;91;0.2;100;48;swap;instances/DSJC500.5.col;500;62624
158;247835759;34;0.2;100;48;swap;instances/DSJC500.5.col;500;62624
159;261694155;10;0.2;100;48;swap;instances/DSJC500.5.col;500;62624
161;251465126;18;0.2;100;48;swap;instances/DSJC500.5.col;500;62624
155;253356075;27;0.2;100;48;swap;instances/DSJC500.5.col;500;62624
157;250556683;57;0.2;100;48;swap;instances/DSJC500.5.col;500;62624
159;251115175;31;0.2;100;48;swap;instances/DSJC500.5.col;500;62624
160;252608955;8;0.2;100;48;swap;instances/DSJC500.5.col;500;62624
160;251958238;68;0.2;100;48;swap;instances/DSJC500.5.col;500;62624
155;258622049;37;0.2;100;48;swap;instances/DSJC500.5.col;500;62624
161;257496878;14;0.2;100;48;swap;instances/DSJC500.5.col;500;62624
163;258153203;53;0.2;100;48;swap;instances/DSJC500.5.col;500;62624
157;258021895;85;0.2;100;48;swap;instances/DSJC500.5.col;500;62624
161;244568698;79;0.2;100;48;swap;instances/DSJC500.5.col;500;62624
157;238551375;89;0.2;100;48;swap;instances/DSJC500.5.col;500;62624
158;247573622;59;0.2;100;48;swap;instances/DSJC500.5.col;500;62624
160;246347886;24;0.2;100;48;swap;instances/DSJC500.5.col;500;62624
156;246068621;40;0.2;100;48;swap;instances/DSJC500.5.col;500;62624
158;244113573;97;0.2;100;48;swap;instances/DSJC500.5.col;500;62624
161;254353335;12;0.2;100;48;swap;instances/DSJC500.5.col;500;62624
155;244455604;35;0.2;100;48;swap;instances/DSJC500.5.col;500;62624
153;242717634;49;0.2;100;48;swap;instances/DSJC500.5.col;500;62624
148;245245421;40;0.2;100;48;swap;instances/DSJC500.5.col;500;62624
162;249024820;57;0.2;100;48;swap;instances/DSJC500.5.col;500;62624
158;253538906;72;0.2;100;48;swap;instances/DSJC500.5.col;500;62624
153;248049664;93;0.2;100;48;swap;instances/DSJC500.5.col;500;62624
158;256536395;63;0.2;100;48;swap;instances/DSJC500.5.col;500;62624
154;245236481;93;0.2;100;48;swap;instances/DSJC500.5.col;500;62624
159;253682982;24;0.2;100;48;swap;instances/DSJC500.5.col;500;62624
157;236191305;68;0.2;100;48;swap;instances/DSJC500.5.col;500;62624
160;245119932;76;0.2;100;48;swap;instances/DSJC500.5.col;500;62624
153;247523323;69;0.2;100;48;swap;instances/DSJC500.5.col;500;62624
155;249752903;25;0.2;100;48;swap;instances/DSJC500.5.col;500;62624
158;247776884;13;0.2;100;48;swap;instances/DSJC500.5.col;500;62624
156;251433541;52;0.2;100;48;swap;instances/DSJC500.5.col;500;62624
161;249435855;51;0.2;100;48;swap;instances/DSJC500.5.col;500;62624
160;252374557;92;0.2;100;48;swap;instances/DSJC500.5.col;500;62624
157;248985388;69;0.2;100;48;swap;instances/DSJC500.5.col;500;62624
157;259578895;70;0.2;100;48;swap;instances/DSJC500.5.col;500;62624
157;243996920;77;0.2;100;48;swap;instances/DSJC500.5.col;500;62624
160;263952083;77;0.2;100;48;swap;instances/DSJC500.5.col;500;62624
160;252273555;41;0.2;100;48;swap;instances/DSJC500.5.col;500;62624
159;245215828;75;0.2;100;48;swap;instances/DSJC500.5.col;500;62624
152;248997155;66;0.2;100;48;swap;instances/DSJC500.5.col;500;62624
150;252627616;73;0.2;100;48;swap;instances/DSJC500.5.col;500;62624
159;257427796;8;0.2;100;48;swap;instances/DSJC500.5.col;500;62624
160;249002052;49;0.2;100;48;swap;instances/DSJC500.5.col;500;62624
154;244889159;30;0.2;100;48;swap;instances/DSJC500.5.col;500;62624
