33;356974728;0.2;100;85;swap;instances/DSJR500.1c.col;500;121275
37;371875938;0.2;100;85;swap;instances/DSJR500.1c.col;500;121275
32;384909373;0.2;100;85;swap;instances/DSJR500.1c.col;500;121275
37;394100046;0.2;100;85;swap;instances/DSJR500.1c.col;500;121275
33;382106686;0.2;100;85;swap;instances/DSJR500.1c.col;500;121275
39;383780728;0.2;100;85;swap;instances/DSJR500.1c.col;500;121275
37;373676006;0.2;100;85;swap;instances/DSJR500.1c.col;500;121275
33;370446179;0.2;100;85;swap;instances/DSJR500.1c.col;500;121275
35;390914275;0.2;100;85;swap;instances/DSJR500.1c.col;500;121275
41;386975189;0.2;100;85;swap;instances/DSJR500.1c.col;500;121275
37;367371660;0.2;100;85;swap;instances/DSJR500.1c.col;500;121275
39;385031858;0.2;100;85;swap;instances/DSJR500.1c.col;500;121275
36;374788267;0.2;100;85;swap;instances/DSJR500.1c.col;500;121275
32;378764225;0.2;100;85;swap;instances/DSJR500.1c.col;500;121275
37;379076746;0.2;100;85;swap;instances/DSJR500.1c.col;500;121275
35;355668508;0.2;100;85;swap;instances/DSJR500.1c.col;500;121275
37;378532875;0.2;100;85;swap;instances/DSJR500.1c.col;500;121275
37;386904494;0.2;100;85;swap;instances/DSJR500.1c.col;500;121275
41;375857495;0.2;100;85;swap;instances/DSJR500.1c.col;500;121275
30;378186812;0.2;100;85;swap;instances/DSJR500.1c.col;500;121275
35;360117906;0.2;100;85;swap;instances/DSJR500.1c.col;500;121275
39;378509683;0.2;100;85;swap;instances/DSJR500.1c.col;500;121275
34;388236946;0.2;100;85;swap;instances/DSJR500.1c.col;500;121275
35;380153945;0.2;100;85;swap;instances/DSJR500.1c.col;500;121275
30;395233632;0.2;100;85;swap;instances/DSJR500.1c.col;500;121275
31;396451257;0.2;100;85;swap;instances/DSJR500.1c.col;500;121275
30;383864131;0.2;100;85;swap;instances/DSJR500.1c.col;500;121275
33;380946436;0.2;100;85;swap;instances/DSJR500.1c.col;500;121275
28;394086137;0.2;100;85;swap;instances/DSJR500.1c.col;500;121275
34;366517625;0.2;100;85;swap;instances/DSJR500.1c.col;500;121275
37;383666926;0.2;100;85;swap;instances/DSJR500.1c.col;500;121275
34;387331320;0.2;100;85;swap;instances/DSJR500.1c.col;500;121275
36;396061891;0.2;100;85;swap;instances/DSJR500.1c.col;500;121275
32;393066071;0.2;100;85;swap;instances/DSJR500.1c.col;500;121275
37;388722562;0.2;100;85;swap;instances/DSJR500.1c.col;500;121275
34;409206780;0.2;100;85;swap;instances/DSJR500.1c.col;500;121275
37;365370193;0.2;100;85;swap;instances/DSJR500.1c.col;500;121275
36;378240244;0.2;100;85;swap;instances/DSJR500.1c.col;500;121275
38;388409414;0.2;100;85;swap;instances/DSJR500.1c.col;500;121275
37;371135317;0.2;100;85;swap;instances/DSJR500.1c.col;500;121275
38;384583148;0.2;100;85;swap;instances/DSJR500.1c.col;500;121275
37;376300044;0.2;100;85;swap;instances/DSJR500.1c.col;500;121275
27;380631054;0.2;100;85;swap;instances/DSJR500.1c.col;500;121275
37;384470648;0.2;100;85;swap;instances/DSJR500.1c.col;500;121275
38;383095691;0.2;100;85;swap;instances/DSJR500.1c.col;500;121275
38;401606503;0.2;100;85;swap;instances/DSJR500.1c.col;500;121275
32;367043871;0.2;100;85;swap;instances/DSJR500.1c.col;500;121275
30;378242623;0.2;100;85;swap;instances/DSJR500.1c.col;500;121275
30;380783746;0.2;100;85;swap;instances/DSJR500.1c.col;500;121275
32;373157720;0.2;100;85;swap;instances/DSJR500.1c.col;500;121275
