4;14471613;98;0.2;100;12;swap;instances/DSJR500.1.col;500;3555
5;14632386;98;0.2;100;12;swap;instances/DSJR500.1.col;500;3555
5;14466030;38;0.2;100;12;swap;instances/DSJR500.1.col;500;3555
5;14494625;85;0.2;100;12;swap;instances/DSJR500.1.col;500;3555
5;14333560;49;0.2;100;12;swap;instances/DSJR500.1.col;500;3555
6;14481453;29;0.2;100;12;swap;instances/DSJR500.1.col;500;3555
5;15144185;41;0.2;100;12;swap;instances/DSJR500.1.col;500;3555
6;14853835;26;0.2;100;12;swap;instances/DSJR500.1.col;500;3555
7;14166585;18;0.2;100;12;swap;instances/DSJR500.1.col;500;3555
6;14266030;66;0.2;100;12;swap;instances/DSJR500.1.col;500;3555
6;13811856;87;0.2;100;12;swap;instances/DSJR500.1.col;500;3555
5;14353167;58;0.2;100;12;swap;instances/DSJR500.1.col;500;3555
7;14270999;58;0.2;100;12;swap;instances/DSJR500.1.col;500;3555
5;14610862;18;0.2;100;12;swap;instances/DSJR500.1.col;500;3555
7;14582961;12;0.2;100;12;swap;instances/DSJR500.1.col;500;3555
6;14800861;55;0.2;100;12;swap;instances/DSJR500.1.col;500;3555
5;14234983;9;0.2;100;12;swap;instances/DSJR500.1.col;500;3555
5;14733917;2;0.2;100;12;swap;instances/DSJR500.1.col;500;3555
4;13975789;57;0.2;100;12;swap;instances/DSJR500.1.col;500;3555
5;14320222;34;0.2;100;12;swap;instances/DSJR500.1.col;500;3555
4;14525639;48;0.2;100;12;swap;instances/DSJR500.1.col;500;3555
6;13805759;68;0.2;100;12;swap;instances/DSJR500.1.col;500;3555
6;14411889;48;0.2;100;12;swap;instances/DSJR500.1.col;500;3555
4;14711617;74;0.2;100;12;swap;instances/DSJR500.1.col;500;3555
5;14163565;37;0.2;100;12;swap;instances/DSJR500.1.col;500;3555
4;14747512;9;0.2;100;12;swap;instances/DSJR500.1.col;500;3555
4;14716055;73;0.2;100;12;swap;instances/DSJR500.1.col;500;3555
7;14323636;53;0.2;100;12;swap;instances/DSJR500.1.col;500;3555
6;14672924;50;0.2;100;12;swap;instances/DSJR500.1.col;500;3555
6;15028389;8;0.2;100;12;swap;instances/DSJR500.1.col;500;3555
7;14621726;17;0.2;100;12;swap;instances/DSJR500.1.col;500;3555
6;14489735;98;0.2;100;12;swap;instances/DSJR500.1.col;500;3555
6;14720436;32;0.2;100;12;swap;instances/DSJR500.1.col;500;3555
6;14248869;45;0.2;100;12;swap;instances/DSJR500.1.col;500;3555
5;14696050;81;0.2;100;12;swap;instances/DSJR500.1.col;500;3555
5;14927559;42;0.2;100;12;swap;instances/DSJR500.1.col;500;3555
7;14489811;23;0.2;100;12;swap;instances/DSJR500.1.col;500;3555
6;14295401;30;0.2;100;12;swap;instances/DSJR500.1.col;500;3555
6;14561465;28;0.2;100;12;swap;instances/DSJR500.1.col;500;3555
5;14446441;93;0.2;100;12;swap;instances/DSJR500.1.col;500;3555
3;14714422;44;0.2;100;12;swap;instances/DSJR500.1.col;500;3555
6;14374556;92;0.2;100;12;swap;instances/DSJR500.1.col;500;3555
5;15240079;72;0.2;100;12;swap;instances/DSJR500.1.col;500;3555
6;14510297;67;0.2;100;12;swap;instances/DSJR500.1.col;500;3555
6;14641972;94;0.2;100;12;swap;instances/DSJR500.1.col;500;3555
6;14751361;37;0.2;100;12;swap;instances/DSJR500.1.col;500;3555
7;14225781;47;0.2;100;12;swap;instances/DSJR500.1.col;500;3555
5;14294772;66;0.2;100;12;swap;instances/DSJR500.1.col;500;3555
6;14323530;53;0.2;100;12;swap;instances/DSJR500.1.col;500;3555
7;14439056;44;0.2;100;12;swap;instances/DSJR500.1.col;500;3555
