49;201467891;14;0.2;100;122;swap;instances/DSJR500.5.col;500;58862
50;212122015;3;0.2;100;122;swap;instances/DSJR500.5.col;500;58862
51;205721908;32;0.2;100;122;swap;instances/DSJR500.5.col;500;58862
48;210142762;95;0.2;100;122;swap;instances/DSJR500.5.col;500;58862
48;209552551;64;0.2;100;122;swap;instances/DSJR500.5.col;500;58862
48;206941287;10;0.2;100;122;swap;instances/DSJR500.5.col;500;58862
48;207297211;38;0.2;100;122;swap;instances/DSJR500.5.col;500;58862
48;207866796;83;0.2;100;122;swap;instances/DSJR500.5.col;500;58862
51;205945280;0;0.2;100;122;swap;instances/DSJR500.5.col;500;58862
49;206501600;0;0.2;100;122;swap;instances/DSJR500.5.col;500;58862
49;203694528;44;0.2;100;122;swap;instances/DSJR500.5.col;500;58862
49;210195735;87;0.2;100;122;swap;instances/DSJR500.5.col;500;58862
51;207447837;63;0.2;100;122;swap;instances/DSJR500.5.col;500;58862
51;203607460;70;0.2;100;122;swap;instances/DSJR500.5.col;500;58862
51;206956283;10;0.2;100;122;swap;instances/DSJR500.5.col;500;58862
48;206925199;83;0.2;100;122;swap;instances/DSJR500.5.col;500;58862
51;207796467;48;0.2;100;122;swap;instances/DSJR500.5.col;500;58862
51;206662434;99;0.2;100;122;swap;instances/DSJR500.5.col;500;58862
52;205654879;0;0.2;100;122;swap;instances/DSJR500.5.col;500;58862
50;208703733;67;0.2;100;122;swap;instances/DSJR500.5.col;500;58862
51;204448796;42;0.2;100;122;swap;instances/DSJR500.5.col;500;58862
47;200528391;38;0.2;100;122;swap;instances/DSJR500.5.col;500;58862
51;206455927;96;0.2;100;122;swap;instances/DSJR500.5.col;500;58862
50;207390901;74;0.2;100;122;swap;instances/DSJR500.5.col;500;58862
53;210285642;37;0.2;100;122;swap;instances/DSJR500.5.col;500;58862
49;203799342;4;0.2;100;122;swap;instances/DSJR500.5.col;500;58862
51;206273463;22;0.2;100;122;swap;instances/DSJR500.5.col;500;58862
51;202882092;43;0.2;100;122;swap;instances/DSJR500.5.col;500;58862
50;210128020;7;0.2;100;122;swap;instances/DSJR500.5.col;500;58862
49;209767498;94;0.2;100;122;swap;instances/DSJR500.5.col;500;58862
50;205768847;36;0.2;100;122;swap;instances/DSJR500.5.col;500;58862
51;207324193;5;0.2;100;122;swap;instances/DSJR500.5.col;500;58862
49;204627191;13;0.2;100;122;swap;instances/DSJR500.5.col;500;58862
48;209713549;44;0.2;100;122;swap;instances/DSJR500.5.col;500;58862
49;205401528;27;0.2;100;122;swap;instances/DSJR500.5.col;500;58862
51;207047935;34;0.2;100;122;swap;instances/DSJR500.5.col;500;58862
50;203916379;6;0.2;100;122;swap;instances/DSJR500.5.col;500;58862
48;208744975;1;0.2;100;122;swap;instances/DSJR500.5.col;500;58862
50;203535584;17;0.2;100;122;swap;instances/DSJR500.5.col;500;58862
50;209784655;53;0.2;100;122;swap;instances/DSJR500.5.col;500;58862
50;207540992;51;0.2;100;122;swap;instances/DSJR500.5.col;500;58862
52;203466113;30;0.2;100;122;swap;instances/DSJR500.5.col;500;58862
49;205891996;18;0.2;100;122;swap;instances/DSJR500.5.col;500;58862
50;211066370;10;0.2;100;122;swap;instances/DSJR500.5.col;500;58862
51;203320327;26;0.2;100;122;swap;instances/DSJR500.5.col;500;58862
53;209135935;5;0.2;100;122;swap;instances/DSJR500.5.col;500;58862
50;209253077;6;0.2;100;122;swap;instances/DSJR500.5.col;500;58862
49;204904425;9;0.2;100;122;swap;instances/DSJR500.5.col;500;58862
48;206078654;28;0.2;100;122;swap;instances/DSJR500.5.col;500;58862
49;201722083;52;0.2;100;122;swap;instances/DSJR500.5.col;500;58862
