49;45610492;91;0.2;100;15;swap;instances/le450_15a.col;450;8168
51;46349271;89;0.2;100;15;swap;instances/le450_15a.col;450;8168
54;45260363;43;0.2;100;15;swap;instances/le450_15a.col;450;8168
50;48158226;25;0.2;100;15;swap;instances/le450_15a.col;450;8168
51;47389211;54;0.2;100;15;swap;instances/le450_15a.col;450;8168
52;46775370;1;0.2;100;15;swap;instances/le450_15a.col;450;8168
50;45690511;45;0.2;100;15;swap;instances/le450_15a.col;450;8168
53;45804006;16;0.2;100;15;swap;instances/le450_15a.col;450;8168
53;46275712;35;0.2;100;15;swap;instances/le450_15a.col;450;8168
54;44400506;8;0.2;100;15;swap;instances/le450_15a.col;450;8168
54;44298861;0;0.2;100;15;swap;instances/le450_15a.col;450;8168
51;46964255;75;0.2;100;15;swap;instances/le450_15a.col;450;8168
55;46369642;30;0.2;100;15;swap;instances/le450_15a.col;450;8168
55;45303916;23;0.2;100;15;swap;instances/le450_15a.col;450;8168
55;46414863;66;0.2;100;15;swap;instances/le450_15a.col;450;8168
56;45059407;9;0.2;100;15;swap;instances/le450_15a.col;450;8168
54;46375531;15;0.2;100;15;swap;instances/le450_15a.col;450;8168
52;45282555;29;0.2;100;15;swap;instances/le450_15a.col;450;8168
52;44871845;61;0.2;100;15;swap;instances/le450_15a.col;450;8168
53;45930073;22;0.2;100;15;swap;instances/le450_15a.col;450;8168
46;45831344;41;0.2;100;15;swap;instances/le450_15a.col;450;8168
51;44093597;77;0.2;100;15;swap;instances/le450_15a.col;450;8168
55;46104952;18;0.2;100;15;swap;instances/le450_15a.col;450;8168
52;45255616;8;0.2;100;15;swap;instances/le450_15a.col;450;8168
54;46108409;2;0.2;100;15;swap;instances/le450_15a.col;450;8168
56;46455926;25;0.2;100;15;swap;instances/le450_15a.col;450;8168
52;46779652;6;0.2;100;15;swap;instances/le450_15a.col;450;8168
54;46747203;41;0.2;100;15;swap;instances/le450_15a.col;450;8168
52;45588154;19;0.2;100;15;swap;instances/le450_15a.col;450;8168
49;46796960;91;0.2;100;15;swap;instances/le450_15a.col;450;8168
54;45191058;91;0.2;100;15;swap;instances/le450_15a.col;450;8168
55;46808175;1;0.2;100;15;swap;instances/le450_15a.col;450;8168
50;47394060;15;0.2;100;15;swap;instances/le450_15a.col;450;8168
52;45844599;35;0.2;100;15;swap;instances/le450_15a.col;450;8168
55;43630314;90;0.2;100;15;swap;instances/le450_15a.col;450;8168
53;47461043;29;0.2;100;15;swap;instances/le450_15a.col;450;8168
50;43746009;48;0.2;100;15;swap;instances/le450_15a.col;450;8168
54;46785739;30;0.2;100;15;swap;instances/le450_15a.col;450;8168
48;44846016;68;0.2;100;15;swap;instances/le450_15a.col;450;8168
54;47065297;24;0.2;100;15;swap;instances/le450_15a.col;450;8168
53;44355943;34;0.2;100;15;swap;instances/le450_15a.col;450;8168
51;45781834;82;0.2;100;15;swap;instances/le450_15a.col;450;8168
50;46098790;28;0.2;100;15;swap;instances/le450_15a.col;450;8168
54;45544072;11;0.2;100;15;swap;instances/le450_15a.col;450;8168
51;46378398;75;0.2;100;15;swap;instances/le450_15a.col;450;8168
49;45767178;1;0.2;100;15;swap;instances/le450_15a.col;450;8168
52;46743050;70;0.2;100;15;swap;instances/le450_15a.col;450;8168
56;44413503;49;0.2;100;15;swap;instances/le450_15a.col;450;8168
52;47250964;3;0.2;100;15;swap;instances/le450_15a.col;450;8168
51;47499658;8;0.2;100;15;swap;instances/le450_15a.col;450;8168
