79;190642563;56;0.2;100;5;swap;instances/le450_5c.col;450;9803
70;194290811;28;0.2;100;5;swap;instances/le450_5c.col;450;9803
102;189567295;16;0.2;100;5;swap;instances/le450_5c.col;450;9803
59;182248855;11;0.2;100;5;swap;instances/le450_5c.col;450;9803
66;188275806;23;0.2;100;5;swap;instances/le450_5c.col;450;9803
81;188734795;91;0.2;100;5;swap;instances/le450_5c.col;450;9803
57;190647441;64;0.2;100;5;swap;instances/le450_5c.col;450;9803
54;184880439;33;0.2;100;5;swap;instances/le450_5c.col;450;9803
68;187297626;80;0.2;100;5;swap;instances/le450_5c.col;450;9803
75;182571812;50;0.2;100;5;swap;instances/le450_5c.col;450;9803
62;180579367;40;0.2;100;5;swap;instances/le450_5c.col;450;9803
76;186486087;20;0.2;100;5;swap;instances/le450_5c.col;450;9803
75;189721472;54;0.2;100;5;swap;instances/le450_5c.col;450;9803
51;190437280;29;0.2;100;5;swap;instances/le450_5c.col;450;9803
64;190224953;53;0.2;100;5;swap;instances/le450_5c.col;450;9803
82;196277777;28;0.2;100;5;swap;instances/le450_5c.col;450;9803
69;181490736;55;0.2;100;5;swap;instances/le450_5c.col;450;9803
81;195069015;93;0.2;100;5;swap;instances/le450_5c.col;450;9803
54;183379794;94;0.2;100;5;swap;instances/le450_5c.col;450;9803
67;185580296;87;0.2;100;5;swap;instances/le450_5c.col;450;9803
73;191660126;33;0.2;100;5;swap;instances/le450_5c.col;450;9803
80;183930569;23;0.2;100;5;swap;instances/le450_5c.col;450;9803
83;176010326;59;0.2;100;5;swap;instances/le450_5c.col;450;9803
90;190535202;9;0.2;100;5;swap;instances/le450_5c.col;450;9803
84;190015113;73;0.2;100;5;swap;instances/le450_5c.col;450;9803
