262;169770682;98;0.2;100;15;swap;instances/le450_15d.col;450;16750
269;164532982;8;0.2;100;15;swap;instances/le450_15d.col;450;16750
266;170126162;6;0.2;100;15;swap;instances/le450_15d.col;450;16750
265;167739892;24;0.2;100;15;swap;instances/le450_15d.col;450;16750
260;172297718;62;0.2;100;15;swap;instances/le450_15d.col;450;16750
268;168874417;12;0.2;100;15;swap;instances/le450_15d.col;450;16750
268;165717558;34;0.2;100;15;swap;instances/le450_15d.col;450;16750
270;164944518;22;0.2;100;15;swap;instances/le450_15d.col;450;16750
260;170629541;75;0.2;100;15;swap;instances/le450_15d.col;450;16750
268;166914945;76;0.2;100;15;swap;instances/le450_15d.col;450;16750
274;169932866;45;0.2;100;15;swap;instances/le450_15d.col;450;16750
263;168240273;71;0.2;100;15;swap;instances/le450_15d.col;450;16750
271;166812178;51;0.2;100;15;swap;instances/le450_15d.col;450;16750
272;166134132;32;0.2;100;15;swap;instances/le450_15d.col;450;16750
268;167910435;36;0.2;100;15;swap;instances/le450_15d.col;450;16750
268;163604493;23;0.2;100;15;swap;instances/le450_15d.col;450;16750
267;164692157;91;0.2;100;15;swap;instances/le450_15d.col;450;16750
263;166814591;36;0.2;100;15;swap;instances/le450_15d.col;450;16750
262;158815394;66;0.2;100;15;swap;instances/le450_15d.col;450;16750
273;162618373;49;0.2;100;15;swap;instances/le450_15d.col;450;16750
270;168455260;33;0.2;100;15;swap;instances/le450_15d.col;450;16750
263;166549738;41;0.2;100;15;swap;instances/le450_15d.col;450;16750
270;168271742;25;0.2;100;15;swap;instances/le450_15d.col;450;16750
266;166292720;53;0.2;100;15;swap;instances/le450_15d.col;450;16750
269;162178428;72;0.2;100;15;swap;instances/le450_15d.col;450;16750
269;160899733;78;0.2;100;15;swap;instances/le450_15d.col;450;16750
270;166561234;46;0.2;100;15;swap;instances/le450_15d.col;450;16750
271;166542966;83;0.2;100;15;swap;instances/le450_15d.col;450;16750
265;167851260;93;0.2;100;15;swap;instances/le450_15d.col;450;16750
267;169260189;20;0.2;100;15;swap;instances/le450_15d.col;450;16750
273;162006700;59;0.2;100;15;swap;instances/le450_15d.col;450;16750
269;168957270;17;0.2;100;15;swap;instances/le450_15d.col;450;16750
268;165196021;17;0.2;100;15;swap;instances/le450_15d.col;450;16750
260;169824058;82;0.2;100;15;swap;instances/le450_15d.col;450;16750
271;166882365;99;0.2;100;15;swap;instances/le450_15d.col;450;16750
268;167051030;18;0.2;100;15;swap;instances/le450_15d.col;450;16750
263;163413812;46;0.2;100;15;swap;instances/le450_15d.col;450;16750
272;166243063;10;0.2;100;15;swap;instances/le450_15d.col;450;16750
256;170921067;38;0.2;100;15;swap;instances/le450_15d.col;450;16750
265;172443067;17;0.2;100;15;swap;instances/le450_15d.col;450;16750
263;162956377;4;0.2;100;15;swap;instances/le450_15d.col;450;16750
271;167950976;5;0.2;100;15;swap;instances/le450_15d.col;450;16750
269;161613027;68;0.2;100;15;swap;instances/le450_15d.col;450;16750
266;169992821;83;0.2;100;15;swap;instances/le450_15d.col;450;16750
260;168012005;79;0.2;100;15;swap;instances/le450_15d.col;450;16750
275;169186363;52;0.2;100;15;swap;instances/le450_15d.col;450;16750
272;165889885;60;0.2;100;15;swap;instances/le450_15d.col;450;16750
271;160096385;47;0.2;100;15;swap;instances/le450_15d.col;450;16750
263;163675681;13;0.2;100;15;swap;instances/le450_15d.col;450;16750
268;167467669;84;0.2;100;15;swap;instances/le450_15d.col;450;16750
