82;80910871;67;0.2;100;25;swap;instances/le450_25c.col;450;17343
82;80813081;87;0.2;100;25;swap;instances/le450_25c.col;450;17343
79;79983482;14;0.2;100;25;swap;instances/le450_25c.col;450;17343
81;78908867;67;0.2;100;25;swap;instances/le450_25c.col;450;17343
81;80557312;47;0.2;100;25;swap;instances/le450_25c.col;450;17343
82;78008728;59;0.2;100;25;swap;instances/le450_25c.col;450;17343
82;78180003;52;0.2;100;25;swap;instances/le450_25c.col;450;17343
77;80720060;36;0.2;100;25;swap;instances/le450_25c.col;450;17343
79;82066950;53;0.2;100;25;swap;instances/le450_25c.col;450;17343
79;81050930;92;0.2;100;25;swap;instances/le450_25c.col;450;17343
80;82062507;11;0.2;100;25;swap;instances/le450_25c.col;450;17343
81;78904258;93;0.2;100;25;swap;instances/le450_25c.col;450;17343
81;81742406;43;0.2;100;25;swap;instances/le450_25c.col;450;17343
76;79451277;65;0.2;100;25;swap;instances/le450_25c.col;450;17343
79;79885834;75;0.2;100;25;swap;instances/le450_25c.col;450;17343
81;82789694;81;0.2;100;25;swap;instances/le450_25c.col;450;17343
82;81130845;86;0.2;100;25;swap;instances/le450_25c.col;450;17343
85;77818781;58;0.2;100;25;swap;instances/le450_25c.col;450;17343
82;78691615;72;0.2;100;25;swap;instances/le450_25c.col;450;17343
79;81047135;35;0.2;100;25;swap;instances/le450_25c.col;450;17343
79;81076354;22;0.2;100;25;swap;instances/le450_25c.col;450;17343
77;81241315;93;0.2;100;25;swap;instances/le450_25c.col;450;17343
79;78938365;51;0.2;100;25;swap;instances/le450_25c.col;450;17343
78;80657323;60;0.2;100;25;swap;instances/le450_25c.col;450;17343
79;80707472;74;0.2;100;25;swap;instances/le450_25c.col;450;17343
80;80561290;41;0.2;100;25;swap;instances/le450_25c.col;450;17343
84;81624912;27;0.2;100;25;swap;instances/le450_25c.col;450;17343
83;82214727;79;0.2;100;25;swap;instances/le450_25c.col;450;17343
80;78595176;84;0.2;100;25;swap;instances/le450_25c.col;450;17343
80;79350359;73;0.2;100;25;swap;instances/le450_25c.col;450;17343
80;79362999;22;0.2;100;25;swap;instances/le450_25c.col;450;17343
78;79448268;71;0.2;100;25;swap;instances/le450_25c.col;450;17343
81;77952147;10;0.2;100;25;swap;instances/le450_25c.col;450;17343
79;79842106;1;0.2;100;25;swap;instances/le450_25c.col;450;17343
79;78989053;59;0.2;100;25;swap;instances/le450_25c.col;450;17343
80;78402757;46;0.2;100;25;swap;instances/le450_25c.col;450;17343
81;81018096;21;0.2;100;25;swap;instances/le450_25c.col;450;17343
81;79976907;14;0.2;100;25;swap;instances/le450_25c.col;450;17343
84;79500259;92;0.2;100;25;swap;instances/le450_25c.col;450;17343
84;79117424;76;0.2;100;25;swap;instances/le450_25c.col;450;17343
78;79010759;15;0.2;100;25;swap;instances/le450_25c.col;450;17343
78;79114594;84;0.2;100;25;swap;instances/le450_25c.col;450;17343
80;82777848;99;0.2;100;25;swap;instances/le450_25c.col;450;17343
82;80601438;29;0.2;100;25;swap;instances/le450_25c.col;450;17343
83;78305810;5;0.2;100;25;swap;instances/le450_25c.col;450;17343
82;79176257;53;0.2;100;25;swap;instances/le450_25c.col;450;17343
81;81907317;65;0.2;100;25;swap;instances/le450_25c.col;450;17343
85;76041064;22;0.2;100;25;swap;instances/le450_25c.col;450;17343
82;80524328;95;0.2;100;25;swap;instances/le450_25c.col;450;17343
82;81062551;38;0.2;100;25;swap;instances/le450_25c.col;450;17343
