5;22860086;12;0.2;100;25;swap;instances/le450_25b.col;450;8263
5;23216767;13;0.2;100;25;swap;instances/le450_25b.col;450;8263
6;23052536;42;0.2;100;25;swap;instances/le450_25b.col;450;8263
6;22631111;4;0.2;100;25;swap;instances/le450_25b.col;450;8263
6;23834345;16;0.2;100;25;swap;instances/le450_25b.col;450;8263
5;23768318;79;0.2;100;25;swap;instances/le450_25b.col;450;8263
4;23364013;27;0.2;100;25;swap;instances/le450_25b.col;450;8263
5;24185846;5;0.2;100;25;swap;instances/le450_25b.col;450;8263
7;23444059;19;0.2;100;25;swap;instances/le450_25b.col;450;8263
6;23528139;21;0.2;100;25;swap;instances/le450_25b.col;450;8263
5;23176488;33;0.2;100;25;swap;instances/le450_25b.col;450;8263
6;23490691;10;0.2;100;25;swap;instances/le450_25b.col;450;8263
6;23267736;9;0.2;100;25;swap;instances/le450_25b.col;450;8263
6;23342879;30;0.2;100;25;swap;instances/le450_25b.col;450;8263
6;23413929;11;0.2;100;25;swap;instances/le450_25b.col;450;8263
4;23102902;49;0.2;100;25;swap;instances/le450_25b.col;450;8263
6;23519776;48;0.2;100;25;swap;instances/le450_25b.col;450;8263
5;23532428;39;0.2;100;25;swap;instances/le450_25b.col;450;8263
5;22828495;9;0.2;100;25;swap;instances/le450_25b.col;450;8263
6;23546879;20;0.2;100;25;swap;instances/le450_25b.col;450;8263
6;23381710;3;0.2;100;25;swap;instances/le450_25b.col;450;8263
5;23273330;13;0.2;100;25;swap;instances/le450_25b.col;450;8263
5;23214136;8;0.2;100;25;swap;instances/le450_25b.col;450;8263
5;22786453;79;0.2;100;25;swap;instances/le450_25b.col;450;8263
5;23746258;2;0.2;100;25;swap;instances/le450_25b.col;450;8263
5;23043176;54;0.2;100;25;swap;instances/le450_25b.col;450;8263
5;23161113;24;0.2;100;25;swap;instances/le450_25b.col;450;8263
5;23388184;22;0.2;100;25;swap;instances/le450_25b.col;450;8263
4;23458895;59;0.2;100;25;swap;instances/le450_25b.col;450;8263
6;22579050;47;0.2;100;25;swap;instances/le450_25b.col;450;8263
6;24075235;37;0.2;100;25;swap;instances/le450_25b.col;450;8263
6;23939460;55;0.2;100;25;swap;instances/le450_25b.col;450;8263
5;23220721;96;0.2;100;25;swap;instances/le450_25b.col;450;8263
6;23097340;16;0.2;100;25;swap;instances/le450_25b.col;450;8263
4;23436641;39;0.2;100;25;swap;instances/le450_25b.col;450;8263
5;23311970;16;0.2;100;25;swap;instances/le450_25b.col;450;8263
6;23418652;3;0.2;100;25;swap;instances/le450_25b.col;450;8263
6;23461990;28;0.2;100;25;swap;instances/le450_25b.col;450;8263
6;24411712;50;0.2;100;25;swap;instances/le450_25b.col;450;8263
4;23887632;12;0.2;100;25;swap;instances/le450_25b.col;450;8263
6;23460403;31;0.2;100;25;swap;instances/le450_25b.col;450;8263
5;23876845;27;0.2;100;25;swap;instances/le450_25b.col;450;8263
6;22647974;51;0.2;100;25;swap;instances/le450_25b.col;450;8263
6;23587869;2;0.2;100;25;swap;instances/le450_25b.col;450;8263
5;23539066;90;0.2;100;25;swap;instances/le450_25b.col;450;8263
5;23275894;3;0.2;100;25;swap;instances/le450_25b.col;450;8263
6;23472371;1;0.2;100;25;swap;instances/le450_25b.col;450;8263
5;23122712;80;0.2;100;25;swap;instances/le450_25b.col;450;8263
5;23237512;90;0.2;100;25;swap;instances/le450_25b.col;450;8263
4;23625535;71;0.2;100;25;swap;instances/le450_25b.col;450;8263
