265;163907505;25;0.2;100;15;swap;instances/le450_15c.col;450;16680
258;167429302;1;0.2;100;15;swap;instances/le450_15c.col;450;16680
270;158019379;79;0.2;100;15;swap;instances/le450_15c.col;450;16680
265;162457878;99;0.2;100;15;swap;instances/le450_15c.col;450;16680
265;161355325;46;0.2;100;15;swap;instances/le450_15c.col;450;16680
265;164555587;13;0.2;100;15;swap;instances/le450_15c.col;450;16680
264;165188983;24;0.2;100;15;swap;instances/le450_15c.col;450;16680
263;166218287;7;0.2;100;15;swap;instances/le450_15c.col;450;16680
264;165415999;99;0.2;100;15;swap;instances/le450_15c.col;450;16680
262;169976237;55;0.2;100;15;swap;instances/le450_15c.col;450;16680
266;159866622;2;0.2;100;15;swap;instances/le450_15c.col;450;16680
270;158927147;93;0.2;100;15;swap;instances/le450_15c.col;450;16680
265;164692732;9;0.2;100;15;swap;instances/le450_15c.col;450;16680
266;165368598;62;0.2;100;15;swap;instances/le450_15c.col;450;16680
265;164751056;73;0.2;100;15;swap;instances/le450_15c.col;450;16680
265;164184750;39;0.2;100;15;swap;instances/le450_15c.col;450;16680
267;164204489;19;0.2;100;15;swap;instances/le450_15c.col;450;16680
266;167335741;66;0.2;100;15;swap;instances/le450_15c.col;450;16680
264;164469096;97;0.2;100;15;swap;instances/le450_15c.col;450;16680
265;162904291;29;0.2;100;15;swap;instances/le450_15c.col;450;16680
268;165582769;28;0.2;100;15;swap;instances/le450_15c.col;450;16680
266;163066426;47;0.2;100;15;swap;instances/le450_15c.col;450;16680
263;165736192;5;0.2;100;15;swap;instances/le450_15c.col;450;16680
267;165651246;38;0.2;100;15;swap;instances/le450_15c.col;450;16680
268;167617764;52;0.2;100;15;swap;instances/le450_15c.col;450;16680
266;170253564;62;0.2;100;15;swap;instances/le450_15c.col;450;16680
266;165951799;37;0.2;100;15;swap;instances/le450_15c.col;450;16680
258;168443994;64;0.2;100;15;swap;instances/le450_15c.col;450;16680
268;170840017;40;0.2;100;15;swap;instances/le450_15c.col;450;16680
263;171085020;22;0.2;100;15;swap;instances/le450_15c.col;450;16680
273;165659375;32;0.2;100;15;swap;instances/le450_15c.col;450;16680
263;164682167;82;0.2;100;15;swap;instances/le450_15c.col;450;16680
262;159452508;91;0.2;100;15;swap;instances/le450_15c.col;450;16680
268;168288035;41;0.2;100;15;swap;instances/le450_15c.col;450;16680
265;166067440;21;0.2;100;15;swap;instances/le450_15c.col;450;16680
266;163078717;84;0.2;100;15;swap;instances/le450_15c.col;450;16680
267;162291557;80;0.2;100;15;swap;instances/le450_15c.col;450;16680
264;165826718;62;0.2;100;15;swap;instances/le450_15c.col;450;16680
267;170422053;8;0.2;100;15;swap;instances/le450_15c.col;450;16680
254;163426217;75;0.2;100;15;swap;instances/le450_15c.col;450;16680
268;166135179;68;0.2;100;15;swap;instances/le450_15c.col;450;16680
266;168297887;62;0.2;100;15;swap;instances/le450_15c.col;450;16680
265;159690285;55;0.2;100;15;swap;instances/le450_15c.col;450;16680
263;164623917;55;0.2;100;15;swap;instances/le450_15c.col;450;16680
266;166009788;41;0.2;100;15;swap;instances/le450_15c.col;450;16680
260;159634849;71;0.2;100;15;swap;instances/le450_15c.col;450;16680
266;158900832;85;0.2;100;15;swap;instances/le450_15c.col;450;16680
268;162425325;40;0.2;100;15;swap;instances/le450_15c.col;450;16680
261;167159639;40;0.2;100;15;swap;instances/le450_15c.col;450;16680
263;167539844;89;0.2;100;15;swap;instances/le450_15c.col;450;16680
