79;79631584;10;0.2;100;25;swap;instances/le450_25d.col;450;17425
76;81574478;20;0.2;100;25;swap;instances/le450_25d.col;450;17425
81;80716549;82;0.2;100;25;swap;instances/le450_25d.col;450;17425
82;80094993;74;0.2;100;25;swap;instances/le450_25d.col;450;17425
83;76829774;97;0.2;100;25;swap;instances/le450_25d.col;450;17425
82;78622844;6;0.2;100;25;swap;instances/le450_25d.col;450;17425
80;83574802;13;0.2;100;25;swap;instances/le450_25d.col;450;17425
80;80513162;67;0.2;100;25;swap;instances/le450_25d.col;450;17425
78;82960913;6;0.2;100;25;swap;instances/le450_25d.col;450;17425
80;82002357;93;0.2;100;25;swap;instances/le450_25d.col;450;17425
80;78821742;78;0.2;100;25;swap;instances/le450_25d.col;450;17425
80;81635120;68;0.2;100;25;swap;instances/le450_25d.col;450;17425
77;81689378;82;0.2;100;25;swap;instances/le450_25d.col;450;17425
81;83753755;82;0.2;100;25;swap;instances/le450_25d.col;450;17425
82;80383373;22;0.2;100;25;swap;instances/le450_25d.col;450;17425
81;81213114;49;0.2;100;25;swap;instances/le450_25d.col;450;17425
81;78640003;75;0.2;100;25;swap;instances/le450_25d.col;450;17425
78;82380436;26;0.2;100;25;swap;instances/le450_25d.col;450;17425
80;78396141;33;0.2;100;25;swap;instances/le450_25d.col;450;17425
83;81321009;13;0.2;100;25;swap;instances/le450_25d.col;450;17425
83;81018863;25;0.2;100;25;swap;instances/le450_25d.col;450;17425
82;79145690;47;0.2;100;25;swap;instances/le450_25d.col;450;17425
79;82655022;52;0.2;100;25;swap;instances/le450_25d.col;450;17425
76;81438695;0;0.2;100;25;swap;instances/le450_25d.col;450;17425
80;83536085;78;0.2;100;25;swap;instances/le450_25d.col;450;17425
83;79816061;50;0.2;100;25;swap;instances/le450_25d.col;450;17425
80;79599778;76;0.2;100;25;swap;instances/le450_25d.col;450;17425
81;80369565;89;0.2;100;25;swap;instances/le450_25d.col;450;17425
80;80553102;65;0.2;100;25;swap;instances/le450_25d.col;450;17425
77;80716111;42;0.2;100;25;swap;instances/le450_25d.col;450;17425
83;79754136;76;0.2;100;25;swap;instances/le450_25d.col;450;17425
82;79951680;68;0.2;100;25;swap;instances/le450_25d.col;450;17425
80;79649800;11;0.2;100;25;swap;instances/le450_25d.col;450;17425
79;80592403;27;0.2;100;25;swap;instances/le450_25d.col;450;17425
82;81031189;86;0.2;100;25;swap;instances/le450_25d.col;450;17425
82;80417876;12;0.2;100;25;swap;instances/le450_25d.col;450;17425
82;82351797;7;0.2;100;25;swap;instances/le450_25d.col;450;17425
82;81279395;36;0.2;100;25;swap;instances/le450_25d.col;450;17425
82;81744751;19;0.2;100;25;swap;instances/le450_25d.col;450;17425
80;80641863;70;0.2;100;25;swap;instances/le450_25d.col;450;17425
83;81103806;19;0.2;100;25;swap;instances/le450_25d.col;450;17425
80;81502223;53;0.2;100;25;swap;instances/le450_25d.col;450;17425
81;81799795;64;0.2;100;25;swap;instances/le450_25d.col;450;17425
81;82920191;2;0.2;100;25;swap;instances/le450_25d.col;450;17425
78;80902073;94;0.2;100;25;swap;instances/le450_25d.col;450;17425
80;82305578;95;0.2;100;25;swap;instances/le450_25d.col;450;17425
81;82849629;18;0.2;100;25;swap;instances/le450_25d.col;450;17425
77;82335135;82;0.2;100;25;swap;instances/le450_25d.col;450;17425
78;79263679;62;0.2;100;25;swap;instances/le450_25d.col;450;17425
79;78506949;84;0.2;100;25;swap;instances/le450_25d.col;450;17425
81;80222090;21;0.2;100;25;swap;instances/le450_25d.col;450;17425
82;79390834;79;0.2;100;25;swap;instances/le450_25d.col;450;17425
81;80799013;61;0.2;100;25;swap;instances/le450_25d.col;450;17425
77;79011785;79;0.2;100;25;swap;instances/le450_25d.col;450;17425
82;78593861;56;0.2;100;25;swap;instances/le450_25d.col;450;17425
83;81883778;51;0.2;100;25;swap;instances/le450_25d.col;450;17425
81;80308790;38;0.2;100;25;swap;instances/le450_25d.col;450;17425
75;79803886;94;0.2;100;25;swap;instances/le450_25d.col;450;17425
80;79232685;74;0.2;100;25;swap;instances/le450_25d.col;450;17425
81;75222549;73;0.2;100;25;swap;instances/le450_25d.col;450;17425
83;81013630;4;0.2;100;25;swap;instances/le450_25d.col;450;17425
80;82353428;32;0.2;100;25;swap;instances/le450_25d.col;450;17425
81;79864766;2;0.2;100;25;swap;instances/le450_25d.col;450;17425
80;78357220;39;0.2;100;25;swap;instances/le450_25d.col;450;17425
81;81298242;26;0.2;100;25;swap;instances/le450_25d.col;450;17425
83;79609970;49;0.2;100;25;swap;instances/le450_25d.col;450;17425
83;81990231;94;0.2;100;25;swap;instances/le450_25d.col;450;17425
80;77311880;91;0.2;100;25;swap;instances/le450_25d.col;450;17425
80;81652953;83;0.2;100;25;swap;instances/le450_25d.col;450;17425
78;79878885;92;0.2;100;25;swap;instances/le450_25d.col;450;17425
82;77336000;37;0.2;100;25;swap;instances/le450_25d.col;450;17425
82;81375213;92;0.2;100;25;swap;instances/le450_25d.col;450;17425
80;80173663;48;0.2;100;25;swap;instances/le450_25d.col;450;17425
79;83372347;93;0.2;100;25;swap;instances/le450_25d.col;450;17425
79;78098059;20;0.2;100;25;swap;instances/le450_25d.col;450;17425
