52;44823661;51;0.2;100;15;swap;instances/le450_15b.col;450;8169
52;42271332;13;0.2;100;15;swap;instances/le450_15b.col;450;8169
48;45305835;35;0.2;100;15;swap;instances/le450_15b.col;450;8169
49;46690244;18;0.2;100;15;swap;instances/le450_15b.col;450;8169
49;45024799;17;0.2;100;15;swap;instances/le450_15b.col;450;8169
51;44151489;92;0.2;100;15;swap;instances/le450_15b.col;450;8169
50;45851632;89;0.2;100;15;swap;instances/le450_15b.col;450;8169
53;44213170;45;0.2;100;15;swap;instances/le450_15b.col;450;8169
52;43898480;76;0.2;100;15;swap;instances/le450_15b.col;450;8169
49;45890254;7;0.2;100;15;swap;instances/le450_15b.col;450;8169
51;45716222;61;0.2;100;15;swap;instances/le450_15b.col;450;8169
52;45878449;2;0.2;100;15;swap;instances/le450_15b.col;450;8169
47;46941528;86;0.2;100;15;swap;instances/le450_15b.col;450;8169
49;46171325;28;0.2;100;15;swap;instances/le450_15b.col;450;8169
47;46413422;25;0.2;100;15;swap;instances/le450_15b.col;450;8169
52;44871335;99;0.2;100;15;swap;instances/le450_15b.col;450;8169
54;43976142;6;0.2;100;15;swap;instances/le450_15b.col;450;8169
51;44626354;81;0.2;100;15;swap;instances/le450_15b.col;450;8169
53;44096765;14;0.2;100;15;swap;instances/le450_15b.col;450;8169
52;45557830;36;0.2;100;15;swap;instances/le450_15b.col;450;8169
51;45164537;14;0.2;100;15;swap;instances/le450_15b.col;450;8169
51;45902841;30;0.2;100;15;swap;instances/le450_15b.col;450;8169
50;46426278;34;0.2;100;15;swap;instances/le450_15b.col;450;8169
52;46702148;32;0.2;100;15;swap;instances/le450_15b.col;450;8169
49;46404976;58;0.2;100;15;swap;instances/le450_15b.col;450;8169
48;43515980;70;0.2;100;15;swap;instances/le450_15b.col;450;8169
53;46022965;48;0.2;100;15;swap;instances/le450_15b.col;450;8169
48;43585045;90;0.2;100;15;swap;instances/le450_15b.col;450;8169
48;44907507;19;0.2;100;15;swap;instances/le450_15b.col;450;8169
52;47134051;63;0.2;100;15;swap;instances/le450_15b.col;450;8169
52;47093515;18;0.2;100;15;swap;instances/le450_15b.col;450;8169
51;44255638;8;0.2;100;15;swap;instances/le450_15b.col;450;8169
51;46840395;21;0.2;100;15;swap;instances/le450_15b.col;450;8169
53;45253566;76;0.2;100;15;swap;instances/le450_15b.col;450;8169
50;46091267;6;0.2;100;15;swap;instances/le450_15b.col;450;8169
51;45255291;64;0.2;100;15;swap;instances/le450_15b.col;450;8169
52;44933006;45;0.2;100;15;swap;instances/le450_15b.col;450;8169
48;43486246;89;0.2;100;15;swap;instances/le450_15b.col;450;8169
53;45839279;89;0.2;100;15;swap;instances/le450_15b.col;450;8169
52;45600453;35;0.2;100;15;swap;instances/le450_15b.col;450;8169
54;45091313;43;0.2;100;15;swap;instances/le450_15b.col;450;8169
50;45085668;89;0.2;100;15;swap;instances/le450_15b.col;450;8169
52;45346494;16;0.2;100;15;swap;instances/le450_15b.col;450;8169
50;44539156;3;0.2;100;15;swap;instances/le450_15b.col;450;8169
53;46959286;95;0.2;100;15;swap;instances/le450_15b.col;450;8169
53;44456662;34;0.2;100;15;swap;instances/le450_15b.col;450;8169
49;45991128;56;0.2;100;15;swap;instances/le450_15b.col;450;8169
48;45207429;51;0.2;100;15;swap;instances/le450_15b.col;450;8169
47;44721247;47;0.2;100;15;swap;instances/le450_15b.col;450;8169
43;46376396;18;0.2;100;15;swap;instances/le450_15b.col;450;8169
53;44724172;39;0.2;100;15;swap;instances/le450_15b.col;450;8169
47;45153894;41;0.2;100;15;swap;instances/le450_15b.col;450;8169
52;43114005;22;0.2;100;15;swap;instances/le450_15b.col;450;8169
48;46542737;7;0.2;100;15;swap;instances/le450_15b.col;450;8169
50;44030311;14;0.2;100;15;swap;instances/le450_15b.col;450;8169
46;47021278;67;0.2;100;15;swap;instances/le450_15b.col;450;8169
47;43015017;90;0.2;100;15;swap;instances/le450_15b.col;450;8169
51;45618923;79;0.2;100;15;swap;instances/le450_15b.col;450;8169
48;44654060;41;0.2;100;15;swap;instances/le450_15b.col;450;8169
51;45614652;28;0.2;100;15;swap;instances/le450_15b.col;450;8169
53;44637261;27;0.2;100;15;swap;instances/le450_15b.col;450;8169
51;44969578;21;0.2;100;15;swap;instances/le450_15b.col;450;8169
51;45501195;59;0.2;100;15;swap;instances/le450_15b.col;450;8169
48;46057459;25;0.2;100;15;swap;instances/le450_15b.col;450;8169
52;45631513;64;0.2;100;15;swap;instances/le450_15b.col;450;8169
51;46760005;53;0.2;100;15;swap;instances/le450_15b.col;450;8169
52;46756712;64;0.2;100;15;swap;instances/le450_15b.col;450;8169
51;45364937;49;0.2;100;15;swap;instances/le450_15b.col;450;8169
52;46129365;2;0.2;100;15;swap;instances/le450_15b.col;450;8169
53;44636906;4;0.2;100;15;swap;instances/le450_15b.col;450;8169
50;44050910;54;0.2;100;15;swap;instances/le450_15b.col;450;8169
55;43494740;46;0.2;100;15;swap;instances/le450_15b.col;450;8169
50;44783251;95;0.2;100;15;swap;instances/le450_15b.col;450;8169
51;45945699;59;0.2;100;15;swap;instances/le450_15b.col;450;8169
50;46657484;55;0.2;100;15;swap;instances/le450_15b.col;450;8169
