6;24305267;7;0.2;100;25;swap;instances/le450_25a.col;450;8260
7;23829671;64;0.2;100;25;swap;instances/le450_25a.col;450;8260
8;24959695;5;0.2;100;25;swap;instances/le450_25a.col;450;8260
7;24633953;25;0.2;100;25;swap;instances/le450_25a.col;450;8260
7;25333215;1;0.2;100;25;swap;instances/le450_25a.col;450;8260
6;24261187;9;0.2;100;25;swap;instances/le450_25a.col;450;8260
7;23999566;78;0.2;100;25;swap;instances/le450_25a.col;450;8260
7;24069581;60;0.2;100;25;swap;instances/le450_25a.col;450;8260
7;23782933;90;0.2;100;25;swap;instances/le450_25a.col;450;8260
7;23716552;70;0.2;100;25;swap;instances/le450_25a.col;450;8260
7;24516265;13;0.2;100;25;swap;instances/le450_25a.col;450;8260
6;24601567;23;0.2;100;25;swap;instances/le450_25a.col;450;8260
8;24330902;26;0.2;100;25;swap;instances/le450_25a.col;450;8260
7;23425538;70;0.2;100;25;swap;instances/le450_25a.col;450;8260
7;25820999;94;0.2;100;25;swap;instances/le450_25a.col;450;8260
6;23963946;62;0.2;100;25;swap;instances/le450_25a.col;450;8260
8;23923144;30;0.2;100;25;swap;instances/le450_25a.col;450;8260
7;23600927;15;0.2;100;25;swap;instances/le450_25a.col;450;8260
7;23771640;36;0.2;100;25;swap;instances/le450_25a.col;450;8260
8;23855218;78;0.2;100;25;swap;instances/le450_25a.col;450;8260
7;23820127;48;0.2;100;25;swap;instances/le450_25a.col;450;8260
8;23757262;29;0.2;100;25;swap;instances/le450_25a.col;450;8260
7;23583640;63;0.2;100;25;swap;instances/le450_25a.col;450;8260
7;24160983;35;0.2;100;25;swap;instances/le450_25a.col;450;8260
7;24229424;51;0.2;100;25;swap;instances/le450_25a.col;450;8260
8;23858727;17;0.2;100;25;swap;instances/le450_25a.col;450;8260
8;24292829;15;0.2;100;25;swap;instances/le450_25a.col;450;8260
7;24263733;25;0.2;100;25;swap;instances/le450_25a.col;450;8260
7;23338530;9;0.2;100;25;swap;instances/le450_25a.col;450;8260
6;24260512;94;0.2;100;25;swap;instances/le450_25a.col;450;8260
6;24095931;81;0.2;100;25;swap;instances/le450_25a.col;450;8260
6;23832587;23;0.2;100;25;swap;instances/le450_25a.col;450;8260
6;24000316;66;0.2;100;25;swap;instances/le450_25a.col;450;8260
7;23827991;26;0.2;100;25;swap;instances/le450_25a.col;450;8260
7;24333007;33;0.2;100;25;swap;instances/le450_25a.col;450;8260
7;24375574;2;0.2;100;25;swap;instances/le450_25a.col;450;8260
7;23963009;24;0.2;100;25;swap;instances/le450_25a.col;450;8260
4;24621108;26;0.2;100;25;swap;instances/le450_25a.col;450;8260
6;24192581;70;0.2;100;25;swap;instances/le450_25a.col;450;8260
6;23855428;96;0.2;100;25;swap;instances/le450_25a.col;450;8260
7;23655958;39;0.2;100;25;swap;instances/le450_25a.col;450;8260
6;24018303;70;0.2;100;25;swap;instances/le450_25a.col;450;8260
5;23701007;41;0.2;100;25;swap;instances/le450_25a.col;450;8260
6;23902759;66;0.2;100;25;swap;instances/le450_25a.col;450;8260
6;24700218;25;0.2;100;25;swap;instances/le450_25a.col;450;8260
7;24710494;3;0.2;100;25;swap;instances/le450_25a.col;450;8260
7;25076103;48;0.2;100;25;swap;instances/le450_25a.col;450;8260
8;24420624;17;0.2;100;25;swap;instances/le450_25a.col;450;8260
5;24367810;68;0.2;100;25;swap;instances/le450_25a.col;450;8260
7;23975464;6;0.2;100;25;swap;instances/le450_25a.col;450;8260
8;23879709;20;0.2;100;25;swap;instances/le450_25a.col;450;8260
7;23965477;7;0.2;100;25;swap;instances/le450_25a.col;450;8260
7;23687291;94;0.2;100;25;swap;instances/le450_25a.col;450;8260
7;23970653;20;0.2;100;25;swap;instances/le450_25a.col;450;8260
7;22935780;58;0.2;100;25;swap;instances/le450_25a.col;450;8260
7;24284521;17;0.2;100;25;swap;instances/le450_25a.col;450;8260
7;23515449;23;0.2;100;25;swap;instances/le450_25a.col;450;8260
7;23945440;88;0.2;100;25;swap;instances/le450_25a.col;450;8260
7;24006755;46;0.2;100;25;swap;instances/le450_25a.col;450;8260
7;23655014;80;0.2;100;25;swap;instances/le450_25a.col;450;8260
7;23369444;0;0.2;100;25;swap;instances/le450_25a.col;450;8260
7;23255945;7;0.2;100;25;swap;instances/le450_25a.col;450;8260
7;23693732;0;0.2;100;25;swap;instances/le450_25a.col;450;8260
7;23319038;59;0.2;100;25;swap;instances/le450_25a.col;450;8260
6;23015008;93;0.2;100;25;swap;instances/le450_25a.col;450;8260
7;24202586;32;0.2;100;25;swap;instances/le450_25a.col;450;8260
5;24375058;29;0.2;100;25;swap;instances/le450_25a.col;450;8260
6;23434640;48;0.2;100;25;swap;instances/le450_25a.col;450;8260
8;23531090;18;0.2;100;25;swap;instances/le450_25a.col;450;8260
8;23690144;33;0.2;100;25;swap;instances/le450_25a.col;450;8260
5;23397969;12;0.2;100;25;swap;instances/le450_25a.col;450;8260
6;23929288;81;0.2;100;25;swap;instances/le450_25a.col;450;8260
5;23365700;20;0.2;100;25;swap;instances/le450_25a.col;450;8260
7;23690543;30;0.2;100;25;swap;instances/le450_25a.col;450;8260
7;23970323;25;0.2;100;25;swap;instances/le450_25a.col;450;8260
