74;178786058;75;0.2;100;5;swap;instances/le450_5d.col;450;9757
55;186476382;48;0.2;100;5;swap;instances/le450_5d.col;450;9757
78;184282170;41;0.2;100;5;swap;instances/le450_5d.col;450;9757
79;180666617;71;0.2;100;5;swap;instances/le450_5d.col;450;9757
62;180334518;57;0.2;100;5;swap;instances/le450_5d.col;450;9757
86;183611938;59;0.2;100;5;swap;instances/le450_5d.col;450;9757
51;191253315;14;0.2;100;5;swap;instances/le450_5d.col;450;9757
79;179032290;13;0.2;100;5;swap;instances/le450_5d.col;450;9757
62;188907424;67;0.2;100;5;swap;instances/le450_5d.col;450;9757
78;187454507;91;0.2;100;5;swap;instances/le450_5d.col;450;9757
77;185083483;59;0.2;100;5;swap;instances/le450_5d.col;450;9757
71;176378946;15;0.2;100;5;swap;instances/le450_5d.col;450;9757
56;184018366;16;0.2;100;5;swap;instances/le450_5d.col;450;9757
92;171194458;95;0.2;100;5;swap;instances/le450_5d.col;450;9757
80;180590196;20;0.2;100;5;swap;instances/le450_5d.col;450;9757
64;179253841;95;0.2;100;5;swap;instances/le450_5d.col;450;9757
63;190805039;47;0.2;100;5;swap;instances/le450_5d.col;450;9757
62;175834061;67;0.2;100;5;swap;instances/le450_5d.col;450;9757
73;180284599;43;0.2;100;5;swap;instances/le450_5d.col;450;9757
66;173716529;85;0.2;100;5;swap;instances/le450_5d.col;450;9757
46;183809469;14;0.2;100;5;swap;instances/le450_5d.col;450;9757
82;180350564;58;0.2;100;5;swap;instances/le450_5d.col;450;9757
69;181577621;70;0.2;100;5;swap;instances/le450_5d.col;450;9757
59;182393313;88;0.2;100;5;swap;instances/le450_5d.col;450;9757
77;188788305;12;0.2;100;5;swap;instances/le450_5d.col;450;9757
