96;143163707;45;0.2;100;5;swap;instances/le450_5a.col;450;5714
63;152876752;66;0.2;100;5;swap;instances/le450_5a.col;450;5714
89;159153525;74;0.2;100;5;swap;instances/le450_5a.col;450;5714
82;151998604;13;0.2;100;5;swap;instances/le450_5a.col;450;5714
75;150827699;4;0.2;100;5;swap;instances/le450_5a.col;450;5714
77;146600960;41;0.2;100;5;swap;instances/le450_5a.col;450;5714
72;161950540;42;0.2;100;5;swap;instances/le450_5a.col;450;5714
85;156763616;34;0.2;100;5;swap;instances/le450_5a.col;450;5714
86;153974384;89;0.2;100;5;swap;instances/le450_5a.col;450;5714
82;148985717;46;0.2;100;5;swap;instances/le450_5a.col;450;5714
73;154141455;81;0.2;100;5;swap;instances/le450_5a.col;450;5714
68;150983755;15;0.2;100;5;swap;instances/le450_5a.col;450;5714
84;145612850;93;0.2;100;5;swap;instances/le450_5a.col;450;5714
78;152067825;57;0.2;100;5;swap;instances/le450_5a.col;450;5714
69;147283727;22;0.2;100;5;swap;instances/le450_5a.col;450;5714
58;166022579;92;0.2;100;5;swap;instances/le450_5a.col;450;5714
93;146761062;68;0.2;100;5;swap;instances/le450_5a.col;450;5714
78;160975751;88;0.2;100;5;swap;instances/le450_5a.col;450;5714
77;157903691;13;0.2;100;5;swap;instances/le450_5a.col;450;5714
84;149650099;39;0.2;100;5;swap;instances/le450_5a.col;450;5714
91;163216496;56;0.2;100;5;swap;instances/le450_5a.col;450;5714
69;159129688;82;0.2;100;5;swap;instances/le450_5a.col;450;5714
69;150252416;7;0.2;100;5;swap;instances/le450_5a.col;450;5714
69;166170604;79;0.2;100;5;swap;instances/le450_5a.col;450;5714
65;148141819;2;0.2;100;5;swap;instances/le450_5a.col;450;5714
74;139917860;24;0.2;100;5;swap;instances/le450_5a.col;450;5714
65;153648656;26;0.2;100;5;swap;instances/le450_5a.col;450;5714
72;145719585;47;0.2;100;5;swap;instances/le450_5a.col;450;5714
67;153306538;48;0.2;100;5;swap;instances/le450_5a.col;450;5714
71;145656270;59;0.2;100;5;swap;instances/le450_5a.col;450;5714
60;151863834;57;0.2;100;5;swap;instances/le450_5a.col;450;5714
94;155336772;16;0.2;100;5;swap;instances/le450_5a.col;450;5714
87;162617361;71;0.2;100;5;swap;instances/le450_5a.col;450;5714
81;162890922;60;0.2;100;5;swap;instances/le450_5a.col;450;5714
66;151683104;6;0.2;100;5;swap;instances/le450_5a.col;450;5714
71;147019622;37;0.2;100;5;swap;instances/le450_5a.col;450;5714
64;153250552;41;0.2;100;5;swap;instances/le450_5a.col;450;5714
75;160147643;72;0.2;100;5;swap;instances/le450_5a.col;450;5714
65;170604627;30;0.2;100;5;swap;instances/le450_5a.col;450;5714
74;172330566;39;0.2;100;5;swap;instances/le450_5a.col;450;5714
69;153278087;52;0.2;100;5;swap;instances/le450_5a.col;450;5714
65;151421421;88;0.2;100;5;swap;instances/le450_5a.col;450;5714
87;147619566;16;0.2;100;5;swap;instances/le450_5a.col;450;5714
60;164524163;22;0.2;100;5;swap;instances/le450_5a.col;450;5714
63;144963000;18;0.2;100;5;swap;instances/le450_5a.col;450;5714
80;153742563;98;0.2;100;5;swap;instances/le450_5a.col;450;5714
79;161646608;64;0.2;100;5;swap;instances/le450_5a.col;450;5714
56;150699388;49;0.2;100;5;swap;instances/le450_5a.col;450;5714
64;146022162;18;0.2;100;5;swap;instances/le450_5a.col;450;5714
80;152584165;29;0.2;100;5;swap;instances/le450_5a.col;450;5714
69;145975896;63;0.2;100;5;swap;instances/le450_5a.col;450;5714
75;149653708;64;0.2;100;5;swap;instances/le450_5a.col;450;5714
94;145308442;21;0.2;100;5;swap;instances/le450_5a.col;450;5714
62;147761567;27;0.2;100;5;swap;instances/le450_5a.col;450;5714
85;166790347;57;0.2;100;5;swap;instances/le450_5a.col;450;5714
82;139567260;66;0.2;100;5;swap;instances/le450_5a.col;450;5714
84;142297148;10;0.2;100;5;swap;instances/le450_5a.col;450;5714
91;142596750;2;0.2;100;5;swap;instances/le450_5a.col;450;5714
90;133750853;96;0.2;100;5;swap;instances/le450_5a.col;450;5714
71;146655553;42;0.2;100;5;swap;instances/le450_5a.col;450;5714
85;146431782;90;0.2;100;5;swap;instances/le450_5a.col;450;5714
74;130668192;17;0.2;100;5;swap;instances/le450_5a.col;450;5714
74;135206431;45;0.2;100;5;swap;instances/le450_5a.col;450;5714
70;163908524;62;0.2;100;5;swap;instances/le450_5a.col;450;5714
80;134084407;3;0.2;100;5;swap;instances/le450_5a.col;450;5714
63;152746969;65;0.2;100;5;swap;instances/le450_5a.col;450;5714
80;148638258;82;0.2;100;5;swap;instances/le450_5a.col;450;5714
85;151719717;14;0.2;100;5;swap;instances/le450_5a.col;450;5714
72;144015004;87;0.2;100;5;swap;instances/le450_5a.col;450;5714
85;153164911;14;0.2;100;5;swap;instances/le450_5a.col;450;5714
71;150531201;20;0.2;100;5;swap;instances/le450_5a.col;450;5714
81;148464902;68;0.2;100;5;swap;instances/le450_5a.col;450;5714
88;140645235;62;0.2;100;5;swap;instances/le450_5a.col;450;5714
82;150145078;24;0.2;100;5;swap;instances/le450_5a.col;450;5714
79;148366109;16;0.2;100;5;swap;instances/le450_5a.col;450;5714
