78;143383552;3;0.2;100;5;swap;instances/le450_5b.col;450;5734
62;146849848;45;0.2;100;5;swap;instances/le450_5b.col;450;5734
45;157869582;55;0.2;100;5;swap;instances/le450_5b.col;450;5734
64;170114921;71;0.2;100;5;swap;instances/le450_5b.col;450;5734
77;160708710;21;0.2;100;5;swap;instances/le450_5b.col;450;5734
96;155293038;0;0.2;100;5;swap;instances/le450_5b.col;450;5734
64;150238161;47;0.2;100;5;swap;instances/le450_5b.col;450;5734
60;157059508;43;0.2;100;5;swap;instances/le450_5b.col;450;5734
84;153896679;63;0.2;100;5;swap;instances/le450_5b.col;450;5734
71;145249780;4;0.2;100;5;swap;instances/le450_5b.col;450;5734
91;156185003;46;0.2;100;5;swap;instances/le450_5b.col;450;5734
54;158532617;41;0.2;100;5;swap;instances/le450_5b.col;450;5734
87;144382799;5;0.2;100;5;swap;instances/le450_5b.col;450;5734
91;152414077;68;0.2;100;5;swap;instances/le450_5b.col;450;5734
79;162425808;77;0.2;100;5;swap;instances/le450_5b.col;450;5734
57;158965654;54;0.2;100;5;swap;instances/le450_5b.col;450;5734
63;152669062;45;0.2;100;5;swap;instances/le450_5b.col;450;5734
62;152896642;33;0.2;100;5;swap;instances/le450_5b.col;450;5734
89;145671864;2;0.2;100;5;swap;instances/le450_5b.col;450;5734
67;155283695;42;0.2;100;5;swap;instances/le450_5b.col;450;5734
55;149846108;60;0.2;100;5;swap;instances/le450_5b.col;450;5734
62;163456561;41;0.2;100;5;swap;instances/le450_5b.col;450;5734
74;147038383;72;0.2;100;5;swap;instances/le450_5b.col;450;5734
99;141299023;84;0.2;100;5;swap;instances/le450_5b.col;450;5734
82;145386424;69;0.2;100;5;swap;instances/le450_5b.col;450;5734
79;146906830;20;0.2;100;5;swap;instances/le450_5b.col;450;5734
74;151600813;4;0.2;100;5;swap;instances/le450_5b.col;450;5734
80;147589913;87;0.2;100;5;swap;instances/le450_5b.col;450;5734
104;149003235;25;0.2;100;5;swap;instances/le450_5b.col;450;5734
79;158297723;14;0.2;100;5;swap;instances/le450_5b.col;450;5734
68;157655076;97;0.2;100;5;swap;instances/le450_5b.col;450;5734
81;157983903;90;0.2;100;5;swap;instances/le450_5b.col;450;5734
62;154929264;19;0.2;100;5;swap;instances/le450_5b.col;450;5734
82;155291236;31;0.2;100;5;swap;instances/le450_5b.col;450;5734
66;163123191;21;0.2;100;5;swap;instances/le450_5b.col;450;5734
67;146779060;19;0.2;100;5;swap;instances/le450_5b.col;450;5734
73;140788215;66;0.2;100;5;swap;instances/le450_5b.col;450;5734
82;152201804;2;0.2;100;5;swap;instances/le450_5b.col;450;5734
83;151976999;15;0.2;100;5;swap;instances/le450_5b.col;450;5734
75;158749440;75;0.2;100;5;swap;instances/le450_5b.col;450;5734
86;154780885;39;0.2;100;5;swap;instances/le450_5b.col;450;5734
82;147113918;60;0.2;100;5;swap;instances/le450_5b.col;450;5734
64;148201043;52;0.2;100;5;swap;instances/le450_5b.col;450;5734
66;147502484;17;0.2;100;5;swap;instances/le450_5b.col;450;5734
79;144986262;98;0.2;100;5;swap;instances/le450_5b.col;450;5734
72;155475775;27;0.2;100;5;swap;instances/le450_5b.col;450;5734
80;150132692;83;0.2;100;5;swap;instances/le450_5b.col;450;5734
86;151802962;17;0.2;100;5;swap;instances/le450_5b.col;450;5734
64;155481200;11;0.2;100;5;swap;instances/le450_5b.col;450;5734
85;148084737;31;0.2;100;5;swap;instances/le450_5b.col;450;5734
