0;2741685;39;0.2;100;73;swap;instances/miles1500.col;128;10396
0;4203570;61;0.2;100;73;swap;instances/miles1500.col;128;10396
0;115672;1;0.2;100;73;swap;instances/miles1500.col;128;10396
0;6476817;94;0.2;100;73;swap;instances/miles1500.col;128;10396
0;4387947;63;0.2;100;73;swap;instances/miles1500.col;128;10396
0;1442269;20;0.2;100;73;swap;instances/miles1500.col;128;10396
0;2627226;38;0.2;100;73;swap;instances/miles1500.col;128;10396
0;1141025;16;0.2;100;73;swap;instances/miles1500.col;128;10396
0;391695;5;0.2;100;73;swap;instances/miles1500.col;128;10396
0;187143;2;0.2;100;73;swap;instances/miles1500.col;128;10396
0;410496;5;0.2;100;73;swap;instances/miles1500.col;128;10396
0;3646696;53;0.2;100;73;swap;instances/miles1500.col;128;10396
0;2227089;32;0.2;100;73;swap;instances/miles1500.col;128;10396
0;60341;0;0.2;100;73;swap;instances/miles1500.col;128;10396
0;563116;7;0.2;100;73;swap;instances/miles1500.col;128;10396
0;583381;8;0.2;100;73;swap;instances/miles1500.col;128;10396
0;250444;3;0.2;100;73;swap;instances/miles1500.col;128;10396
0;1009015;14;0.2;100;73;swap;instances/miles1500.col;128;10396
0;1086556;15;0.2;100;73;swap;instances/miles1500.col;128;10396
0;2686694;38;0.2;100;73;swap;instances/miles1500.col;128;10396
0;2844514;41;0.2;100;73;swap;instances/miles1500.col;128;10396
0;1016702;14;0.2;100;73;swap;instances/miles1500.col;128;10396
0;2687838;39;0.2;100;73;swap;instances/miles1500.col;128;10396
0;996323;14;0.2;100;73;swap;instances/miles1500.col;128;10396
0;791727;11;0.2;100;73;swap;instances/miles1500.col;128;10396
