43;991238128;90;0.2;100;40;swap;instances/qg.order40.col;1600;62400
44;946032095;11;0.2;100;40;swap;instances/qg.order40.col;1600;62400
45;985019987;1;0.2;100;40;swap;instances/qg.order40.col;1600;62400
44;985744494;49;0.2;100;40;swap;instances/qg.order40.col;1600;62400
43;998044791;19;0.2;100;40;swap;instances/qg.order40.col;1600;62400
46;969910385;19;0.2;100;40;swap;instances/qg.order40.col;1600;62400
45;964868177;73;0.2;100;40;swap;instances/qg.order40.col;1600;62400
42;953215581;88;0.2;100;40;swap;instances/qg.order40.col;1600;62400
42;990906562;50;0.2;100;40;swap;instances/qg.order40.col;1600;62400
41;976821424;92;0.2;100;40;swap;instances/qg.order40.col;1600;62400
41;1017022787;88;0.2;100;40;swap;instances/qg.order40.col;1600;62400
45;969087425;34;0.2;100;40;swap;instances/qg.order40.col;1600;62400
45;962977907;41;0.2;100;40;swap;instances/qg.order40.col;1600;62400
45;965192795;29;0.2;100;40;swap;instances/qg.order40.col;1600;62400
45;991849179;48;0.2;100;40;swap;instances/qg.order40.col;1600;62400
44;973715360;65;0.2;100;40;swap;instances/qg.order40.col;1600;62400
44;1002758822;1;0.2;100;40;swap;instances/qg.order40.col;1600;62400
45;960772627;38;0.2;100;40;swap;instances/qg.order40.col;1600;62400
44;1018766153;58;0.2;100;40;swap;instances/qg.order40.col;1600;62400
43;964877207;89;0.2;100;40;swap;instances/qg.order40.col;1600;62400
43;981207478;76;0.2;100;40;swap;instances/qg.order40.col;1600;62400
44;954806852;91;0.2;100;40;swap;instances/qg.order40.col;1600;62400
43;992977767;32;0.2;100;40;swap;instances/qg.order40.col;1600;62400
43;970493630;48;0.2;100;40;swap;instances/qg.order40.col;1600;62400
42;993518517;88;0.2;100;40;swap;instances/qg.order40.col;1600;62400
