88;8550542888;31;0.2;100;60;swap;instances/qg.order60.col;3600;212400
85;8750756842;53;0.2;100;60;swap;instances/qg.order60.col;3600;212400
80;8933901318;72;0.2;100;60;swap;instances/qg.order60.col;3600;212400
85;8780964642;26;0.2;100;60;swap;instances/qg.order60.col;3600;212400
85;8546853430;59;0.2;100;60;swap;instances/qg.order60.col;3600;212400
86;8652396200;57;0.2;100;60;swap;instances/qg.order60.col;3600;212400
85;8718663038;6;0.2;100;60;swap;instances/qg.order60.col;3600;212400
86;8777850238;76;0.2;100;60;swap;instances/qg.order60.col;3600;212400
82;8745527798;42;0.2;100;60;swap;instances/qg.order60.col;3600;212400
86;8719350972;65;0.2;100;60;swap;instances/qg.order60.col;3600;212400
86;8741626920;14;0.2;100;60;swap;instances/qg.order60.col;3600;212400
80;8691610203;21;0.2;100;60;swap;instances/qg.order60.col;3600;212400
83;8685352345;81;0.2;100;60;swap;instances/qg.order60.col;3600;212400
84;8619761225;64;0.2;100;60;swap;instances/qg.order60.col;3600;212400
85;8830976084;22;0.2;100;60;swap;instances/qg.order60.col;3600;212400
82;8919494968;15;0.2;100;60;swap;instances/qg.order60.col;3600;212400
87;8696096853;66;0.2;100;60;swap;instances/qg.order60.col;3600;212400
83;8892355441;86;0.2;100;60;swap;instances/qg.order60.col;3600;212400
85;8895132807;39;0.2;100;60;swap;instances/qg.order60.col;3600;212400
85;8905126980;37;0.2;100;60;swap;instances/qg.order60.col;3600;212400
83;8794798252;32;0.2;100;60;swap;instances/qg.order60.col;3600;212400
81;8424788432;62;0.2;100;60;swap;instances/qg.order60.col;3600;212400
85;8495379666;22;0.2;100;60;swap;instances/qg.order60.col;3600;212400
85;8619990475;19;0.2;100;60;swap;instances/qg.order60.col;3600;212400
86;8656681117;61;0.2;100;60;swap;instances/qg.order60.col;3600;212400
86;8819649509;6;0.2;100;60;swap;instances/qg.order60.col;3600;212400
81;8626115667;7;0.2;100;60;swap;instances/qg.order60.col;3600;212400
81;8527896636;29;0.2;100;60;swap;instances/qg.order60.col;3600;212400
83;8534364712;42;0.2;100;60;swap;instances/qg.order60.col;3600;212400
81;8564055110;88;0.2;100;60;swap;instances/qg.order60.col;3600;212400
84;8563123763;96;0.2;100;60;swap;instances/qg.order60.col;3600;212400
84;8998867811;19;0.2;100;60;swap;instances/qg.order60.col;3600;212400
86;18492107283;28;0.2;100;60;swap;instances/qg.order60.col;3600;212400
83;8885412510;51;0.2;100;60;swap;instances/qg.order60.col;3600;212400
81;9016088405;14;0.2;100;60;swap;instances/qg.order60.col;3600;212400
85;8656545068;46;0.2;100;60;swap;instances/qg.order60.col;3600;212400
86;8545026702;59;0.2;100;60;swap;instances/qg.order60.col;3600;212400
82;8839385845;66;0.2;100;60;swap;instances/qg.order60.col;3600;212400
80;9343206158;89;0.2;100;60;swap;instances/qg.order60.col;3600;212400
87;8801897738;99;0.2;100;60;swap;instances/qg.order60.col;3600;212400
83;8577267858;56;0.2;100;60;swap;instances/qg.order60.col;3600;212400
83;8581511275;2;0.2;100;60;swap;instances/qg.order60.col;3600;212400
81;8828932596;3;0.2;100;60;swap;instances/qg.order60.col;3600;212400
83;8259033900;65;0.2;100;60;swap;instances/qg.order60.col;3600;212400
86;8398520688;25;0.2;100;60;swap;instances/qg.order60.col;3600;212400
83;8807363419;28;0.2;100;60;swap;instances/qg.order60.col;3600;212400
85;8677547194;94;0.2;100;60;swap;instances/qg.order60.col;3600;212400
82;8855159727;14;0.2;100;60;swap;instances/qg.order60.col;3600;212400
83;8877134791;3;0.2;100;60;swap;instances/qg.order60.col;3600;212400
86;8396819048;13;0.2;100;60;swap;instances/qg.order60.col;3600;212400
