72;8151832;19;0.2;100;13;swap;instances/queen13_13.col;169;6656
72;8056276;28;0.2;100;13;swap;instances/queen13_13.col;169;6656
68;7941664;81;0.2;100;13;swap;instances/queen13_13.col;169;6656
74;8092950;42;0.2;100;13;swap;instances/queen13_13.col;169;6656
68;8406757;20;0.2;100;13;swap;instances/queen13_13.col;169;6656
70;8290918;10;0.2;100;13;swap;instances/queen13_13.col;169;6656
68;7985549;8;0.2;100;13;swap;instances/queen13_13.col;169;6656
74;8183164;0;0.2;100;13;swap;instances/queen13_13.col;169;6656
72;8077500;38;0.2;100;13;swap;instances/queen13_13.col;169;6656
74;7984374;28;0.2;100;13;swap;instances/queen13_13.col;169;6656
68;8413115;49;0.2;100;13;swap;instances/queen13_13.col;169;6656
72;8513376;74;0.2;100;13;swap;instances/queen13_13.col;169;6656
72;8274057;86;0.2;100;13;swap;instances/queen13_13.col;169;6656
66;7823162;37;0.2;100;13;swap;instances/queen13_13.col;169;6656
70;7889463;56;0.2;100;13;swap;instances/queen13_13.col;169;6656
70;8354758;2;0.2;100;13;swap;instances/queen13_13.col;169;6656
62;8495027;12;0.2;100;13;swap;instances/queen13_13.col;169;6656
66;8043343;34;0.2;100;13;swap;instances/queen13_13.col;169;6656
66;8252121;46;0.2;100;13;swap;instances/queen13_13.col;169;6656
68;7873755;49;0.2;100;13;swap;instances/queen13_13.col;169;6656
66;8585532;31;0.2;100;13;swap;instances/queen13_13.col;169;6656
60;8341734;71;0.2;100;13;swap;instances/queen13_13.col;169;6656
66;8279046;67;0.2;100;13;swap;instances/queen13_13.col;169;6656
64;8379525;38;0.2;100;13;swap;instances/queen13_13.col;169;6656
66;7967662;32;0.2;100;13;swap;instances/queen13_13.col;169;6656
