50;3416416;72;0.2;100;11;swap;instances/queen11_11.col;121;3960
48;3358014;25;0.2;100;11;swap;instances/queen11_11.col;121;3960
50;3345396;50;0.2;100;11;swap;instances/queen11_11.col;121;3960
50;3346206;15;0.2;100;11;swap;instances/queen11_11.col;121;3960
50;3410544;93;0.2;100;11;swap;instances/queen11_11.col;121;3960
50;3384930;23;0.2;100;11;swap;instances/queen11_11.col;121;3960
50;3342410;40;0.2;100;11;swap;instances/queen11_11.col;121;3960
50;3267038;45;0.2;100;11;swap;instances/queen11_11.col;121;3960
44;3374537;66;0.2;100;11;swap;instances/queen11_11.col;121;3960
52;3405985;9;0.2;100;11;swap;instances/queen11_11.col;121;3960
46;3344299;26;0.2;100;11;swap;instances/queen11_11.col;121;3960
48;3475590;57;0.2;100;11;swap;instances/queen11_11.col;121;3960
52;3324709;67;0.2;100;11;swap;instances/queen11_11.col;121;3960
50;3252829;32;0.2;100;11;swap;instances/queen11_11.col;121;3960
52;3325308;1;0.2;100;11;swap;instances/queen11_11.col;121;3960
48;3394674;35;0.2;100;11;swap;instances/queen11_11.col;121;3960
48;3275905;46;0.2;100;11;swap;instances/queen11_11.col;121;3960
48;3294789;90;0.2;100;11;swap;instances/queen11_11.col;121;3960
48;3349254;4;0.2;100;11;swap;instances/queen11_11.col;121;3960
48;3198487;7;0.2;100;11;swap;instances/queen11_11.col;121;3960
46;3391651;11;0.2;100;11;swap;instances/queen11_11.col;121;3960
48;3274294;89;0.2;100;11;swap;instances/queen11_11.col;121;3960
50;3101513;59;0.2;100;11;swap;instances/queen11_11.col;121;3960
54;3420453;5;0.2;100;11;swap;instances/queen11_11.col;121;3960
46;3477087;37;0.2;100;11;swap;instances/queen11_11.col;121;3960
