68;9953955;0.1;10;15;kempe;instances/le450_15a.col;450;8168
69;9949206;0.1;10;15;kempe;instances/le450_15a.col;450;8168
66;9813874;0.1;10;15;kempe;instances/le450_15a.col;450;8168
62;9928868;0.1;10;15;kempe;instances/le450_15a.col;450;8168
71;9937123;0.1;10;15;kempe;instances/le450_15a.col;450;8168
74;9749156;0.1;10;15;kempe;instances/le450_15a.col;450;8168
59;9823744;0.1;10;15;kempe;instances/le450_15a.col;450;8168
69;9888958;0.1;10;15;kempe;instances/le450_15a.col;450;8168
72;9744489;0.1;10;15;kempe;instances/le450_15a.col;450;8168
68;9623966;0.1;10;15;kempe;instances/le450_15a.col;450;8168
71;9901027;0.1;10;15;kempe;instances/le450_15a.col;450;8168
65;9734688;0.1;10;15;kempe;instances/le450_15a.col;450;8168
71;9759491;0.1;10;15;kempe;instances/le450_15a.col;450;8168
64;10141154;0.1;10;15;kempe;instances/le450_15a.col;450;8168
68;9728492;0.1;10;15;kempe;instances/le450_15a.col;450;8168
70;9745713;0.1;10;15;kempe;instances/le450_15a.col;450;8168
65;9755550;0.1;10;15;kempe;instances/le450_15a.col;450;8168
71;9882593;0.1;10;15;kempe;instances/le450_15a.col;450;8168
71;9814491;0.1;10;15;kempe;instances/le450_15a.col;450;8168
63;9771145;0.1;10;15;kempe;instances/le450_15a.col;450;8168
65;9988097;0.2;10;15;kempe;instances/le450_15a.col;450;8168
64;9807237;0.2;10;15;kempe;instances/le450_15a.col;450;8168
69;9688143;0.2;10;15;kempe;instances/le450_15a.col;450;8168
72;10016498;0.2;10;15;kempe;instances/le450_15a.col;450;8168
63;9755994;0.2;10;15;kempe;instances/le450_15a.col;450;8168
68;9648821;0.2;10;15;kempe;instances/le450_15a.col;450;8168
70;9926936;0.2;10;15;kempe;instances/le450_15a.col;450;8168
67;9901739;0.2;10;15;kempe;instances/le450_15a.col;450;8168
64;9746302;0.2;10;15;kempe;instances/le450_15a.col;450;8168
70;9710353;0.2;10;15;kempe;instances/le450_15a.col;450;8168
70;9842633;0.2;10;15;kempe;instances/le450_15a.col;450;8168
63;9616757;0.2;10;15;kempe;instances/le450_15a.col;450;8168
67;9624590;0.2;10;15;kempe;instances/le450_15a.col;450;8168
68;9831347;0.2;10;15;kempe;instances/le450_15a.col;450;8168
68;9789388;0.2;10;15;kempe;instances/le450_15a.col;450;8168
70;9679352;0.2;10;15;kempe;instances/le450_15a.col;450;8168
68;9837897;0.2;10;15;kempe;instances/le450_15a.col;450;8168
70;9835819;0.2;10;15;kempe;instances/le450_15a.col;450;8168
69;9699639;0.2;10;15;kempe;instances/le450_15a.col;450;8168
68;9722749;0.2;10;15;kempe;instances/le450_15a.col;450;8168
65;9923739;0.3;10;15;kempe;instances/le450_15a.col;450;8168
64;9805431;0.3;10;15;kempe;instances/le450_15a.col;450;8168
70;9785742;0.3;10;15;kempe;instances/le450_15a.col;450;8168
69;9964028;0.3;10;15;kempe;instances/le450_15a.col;450;8168
65;9886799;0.3;10;15;kempe;instances/le450_15a.col;450;8168
65;9709186;0.3;10;15;kempe;instances/le450_15a.col;450;8168
64;9874203;0.3;10;15;kempe;instances/le450_15a.col;450;8168
71;9873889;0.3;10;15;kempe;instances/le450_15a.col;450;8168
65;9749126;0.3;10;15;kempe;instances/le450_15a.col;450;8168
67;9939869;0.3;10;15;kempe;instances/le450_15a.col;450;8168
73;9991421;0.3;10;15;kempe;instances/le450_15a.col;450;8168
70;9812889;0.3;10;15;kempe;instances/le450_15a.col;450;8168
68;9733822;0.3;10;15;kempe;instances/le450_15a.col;450;8168
67;9992878;0.3;10;15;kempe;instances/le450_15a.col;450;8168
67;9787460;0.3;10;15;kempe;instances/le450_15a.col;450;8168
68;9708530;0.3;10;15;kempe;instances/le450_15a.col;450;8168
68;9913399;0.3;10;15;kempe;instances/le450_15a.col;450;8168
62;9748325;0.3;10;15;kempe;instances/le450_15a.col;450;8168
68;9669300;0.3;10;15;kempe;instances/le450_15a.col;450;8168
70;9914235;0.3;10;15;kempe;instances/le450_15a.col;450;8168
71;9821135;0.4;10;15;kempe;instances/le450_15a.col;450;8168
69;9832365;0.4;10;15;kempe;instances/le450_15a.col;450;8168
68;9831117;0.4;10;15;kempe;instances/le450_15a.col;450;8168
72;9932123;0.4;10;15;kempe;instances/le450_15a.col;450;8168
68;9713824;0.4;10;15;kempe;instances/le450_15a.col;450;8168
72;9704658;0.4;10;15;kempe;instances/le450_15a.col;450;8168
69;10051214;0.4;10;15;kempe;instances/le450_15a.col;450;8168
67;9828300;0.4;10;15;kempe;instances/le450_15a.col;450;8168
69;9683312;0.4;10;15;kempe;instances/le450_15a.col;450;8168
71;9964487;0.4;10;15;kempe;instances/le450_15a.col;450;8168
65;9874727;0.4;10;15;kempe;instances/le450_15a.col;450;8168
66;9775029;0.4;10;15;kempe;instances/le450_15a.col;450;8168
69;9933416;0.4;10;15;kempe;instances/le450_15a.col;450;8168
71;9961681;0.4;10;15;kempe;instances/le450_15a.col;450;8168
72;9898941;0.4;10;15;kempe;instances/le450_15a.col;450;8168
68;9830156;0.4;10;15;kempe;instances/le450_15a.col;450;8168
63;10001343;0.4;10;15;kempe;instances/le450_15a.col;450;8168
66;9844820;0.4;10;15;kempe;instances/le450_15a.col;450;8168
68;9775986;0.4;10;15;kempe;instances/le450_15a.col;450;8168
68;9899332;0.4;10;15;kempe;instances/le450_15a.col;450;8168
67;9770366;0.5;10;15;kempe;instances/le450_15a.col;450;8168
66;9733249;0.5;10;15;kempe;instances/le450_15a.col;450;8168
65;9916550;0.5;10;15;kempe;instances/le450_15a.col;450;8168
68;9723161;0.5;10;15;kempe;instances/le450_15a.col;450;8168
70;9732716;0.5;10;15;kempe;instances/le450_15a.col;450;8168
69;9850699;0.5;10;15;kempe;instances/le450_15a.col;450;8168
71;9946961;0.5;10;15;kempe;instances/le450_15a.col;450;8168
70;9857699;0.5;10;15;kempe;instances/le450_15a.col;450;8168
66;9716334;0.5;10;15;kempe;instances/le450_15a.col;450;8168
67;10026349;0.5;10;15;kempe;instances/le450_15a.col;450;8168
70;9734978;0.5;10;15;kempe;instances/le450_15a.col;450;8168
67;9807229;0.5;10;15;kempe;instances/le450_15a.col;450;8168
69;9950090;0.5;10;15;kempe;instances/le450_15a.col;450;8168
66;9877143;0.5;10;15;kempe;instances/le450_15a.col;450;8168
68;9755537;0.5;10;15;kempe;instances/le450_15a.col;450;8168
66;9907611;0.5;10;15;kempe;instances/le450_15a.col;450;8168
61;9901227;0.5;10;15;kempe;instances/le450_15a.col;450;8168
66;9767897;0.5;10;15;kempe;instances/le450_15a.col;450;8168
70;9755059;0.5;10;15;kempe;instances/le450_15a.col;450;8168
66;10026657;0.5;10;15;kempe;instances/le450_15a.col;450;8168
71;9860651;0.6;10;15;kempe;instances/le450_15a.col;450;8168
67;9801029;0.6;10;15;kempe;instances/le450_15a.col;450;8168
72;9947156;0.6;10;15;kempe;instances/le450_15a.col;450;8168
71;9799721;0.6;10;15;kempe;instances/le450_15a.col;450;8168
66;9767209;0.6;10;15;kempe;instances/le450_15a.col;450;8168
64;9847503;0.6;10;15;kempe;instances/le450_15a.col;450;8168
68;9793201;0.6;10;15;kempe;instances/le450_15a.col;450;8168
68;9618473;0.6;10;15;kempe;instances/le450_15a.col;450;8168
69;9764940;0.6;10;15;kempe;instances/le450_15a.col;450;8168
71;9818132;0.6;10;15;kempe;instances/le450_15a.col;450;8168
73;9762698;0.6;10;15;kempe;instances/le450_15a.col;450;8168
70;9761857;0.6;10;15;kempe;instances/le450_15a.col;450;8168
69;9990090;0.6;10;15;kempe;instances/le450_15a.col;450;8168
64;9742589;0.6;10;15;kempe;instances/le450_15a.col;450;8168
66;9708377;0.6;10;15;kempe;instances/le450_15a.col;450;8168
71;9959944;0.6;10;15;kempe;instances/le450_15a.col;450;8168
70;9899449;0.6;10;15;kempe;instances/le450_15a.col;450;8168
70;9884789;0.6;10;15;kempe;instances/le450_15a.col;450;8168
69;10350117;0.6;10;15;kempe;instances/le450_15a.col;450;8168
65;10024025;0.6;10;15;kempe;instances/le450_15a.col;450;8168
69;10029670;0.7;10;15;kempe;instances/le450_15a.col;450;8168
70;9931045;0.7;10;15;kempe;instances/le450_15a.col;450;8168
69;9981481;0.7;10;15;kempe;instances/le450_15a.col;450;8168
70;9922631;0.7;10;15;kempe;instances/le450_15a.col;450;8168
71;9890891;0.7;10;15;kempe;instances/le450_15a.col;450;8168
66;10043841;0.7;10;15;kempe;instances/le450_15a.col;450;8168
71;9923505;0.7;10;15;kempe;instances/le450_15a.col;450;8168
66;9777829;0.7;10;15;kempe;instances/le450_15a.col;450;8168
70;9923093;0.7;10;15;kempe;instances/le450_15a.col;450;8168
67;9854847;0.7;10;15;kempe;instances/le450_15a.col;450;8168
69;9670593;0.7;10;15;kempe;instances/le450_15a.col;450;8168
71;9824900;0.7;10;15;kempe;instances/le450_15a.col;450;8168
68;9813720;0.7;10;15;kempe;instances/le450_15a.col;450;8168
67;9733472;0.7;10;15;kempe;instances/le450_15a.col;450;8168
69;9751010;0.7;10;15;kempe;instances/le450_15a.col;450;8168
68;9787219;0.7;10;15;kempe;instances/le450_15a.col;450;8168
67;9765996;0.7;10;15;kempe;instances/le450_15a.col;450;8168
68;9658863;0.7;10;15;kempe;instances/le450_15a.col;450;8168
72;9879454;0.7;10;15;kempe;instances/le450_15a.col;450;8168
68;9780985;0.7;10;15;kempe;instances/le450_15a.col;450;8168
67;9789771;0.8;10;15;kempe;instances/le450_15a.col;450;8168
67;9918863;0.8;10;15;kempe;instances/le450_15a.col;450;8168
68;9956751;0.8;10;15;kempe;instances/le450_15a.col;450;8168
68;9788276;0.8;10;15;kempe;instances/le450_15a.col;450;8168
65;9846296;0.8;10;15;kempe;instances/le450_15a.col;450;8168
68;9937600;0.8;10;15;kempe;instances/le450_15a.col;450;8168
69;9869590;0.8;10;15;kempe;instances/le450_15a.col;450;8168
68;9740776;0.8;10;15;kempe;instances/le450_15a.col;450;8168
71;9922732;0.8;10;15;kempe;instances/le450_15a.col;450;8168
69;9806622;0.8;10;15;kempe;instances/le450_15a.col;450;8168
68;9704578;0.8;10;15;kempe;instances/le450_15a.col;450;8168
64;10013371;0.8;10;15;kempe;instances/le450_15a.col;450;8168
67;9799713;0.8;10;15;kempe;instances/le450_15a.col;450;8168
69;9741183;0.8;10;15;kempe;instances/le450_15a.col;450;8168
71;9858629;0.8;10;15;kempe;instances/le450_15a.col;450;8168
73;9874217;0.8;10;15;kempe;instances/le450_15a.col;450;8168
64;9778162;0.8;10;15;kempe;instances/le450_15a.col;450;8168
62;9658463;0.8;10;15;kempe;instances/le450_15a.col;450;8168
67;9677632;0.8;10;15;kempe;instances/le450_15a.col;450;8168
69;9860234;0.8;10;15;kempe;instances/le450_15a.col;450;8168
68;9863046;0.9;10;15;kempe;instances/le450_15a.col;450;8168
65;9839166;0.9;10;15;kempe;instances/le450_15a.col;450;8168
66;9810837;0.9;10;15;kempe;instances/le450_15a.col;450;8168
69;9871448;0.9;10;15;kempe;instances/le450_15a.col;450;8168
65;9937903;0.9;10;15;kempe;instances/le450_15a.col;450;8168
67;9984716;0.9;10;15;kempe;instances/le450_15a.col;450;8168
65;9710981;0.9;10;15;kempe;instances/le450_15a.col;450;8168
67;9804041;0.9;10;15;kempe;instances/le450_15a.col;450;8168
71;9877916;0.9;10;15;kempe;instances/le450_15a.col;450;8168
67;9705385;0.9;10;15;kempe;instances/le450_15a.col;450;8168
68;9781286;0.9;10;15;kempe;instances/le450_15a.col;450;8168
68;9957244;0.9;10;15;kempe;instances/le450_15a.col;450;8168
68;9844452;0.9;10;15;kempe;instances/le450_15a.col;450;8168
73;9921613;0.9;10;15;kempe;instances/le450_15a.col;450;8168
70;9955383;0.9;10;15;kempe;instances/le450_15a.col;450;8168
68;9812399;0.9;10;15;kempe;instances/le450_15a.col;450;8168
65;9767073;0.9;10;15;kempe;instances/le450_15a.col;450;8168
65;9859401;0.9;10;15;kempe;instances/le450_15a.col;450;8168
74;9813436;0.9;10;15;kempe;instances/le450_15a.col;450;8168
68;9700341;0.9;10;15;kempe;instances/le450_15a.col;450;8168
66;9936623;1;10;15;kempe;instances/le450_15a.col;450;8168
63;10039070;1;10;15;kempe;instances/le450_15a.col;450;8168
57;9922878;1;10;15;kempe;instances/le450_15a.col;450;8168
64;9972009;1;10;15;kempe;instances/le450_15a.col;450;8168
66;10079294;1;10;15;kempe;instances/le450_15a.col;450;8168
65;10043483;1;10;15;kempe;instances/le450_15a.col;450;8168
63;9917976;1;10;15;kempe;instances/le450_15a.col;450;8168
62;10101237;1;10;15;kempe;instances/le450_15a.col;450;8168
64;9998722;1;10;15;kempe;instances/le450_15a.col;450;8168
61;9982069;1;10;15;kempe;instances/le450_15a.col;450;8168
60;10163458;1;10;15;kempe;instances/le450_15a.col;450;8168
59;10064120;1;10;15;kempe;instances/le450_15a.col;450;8168
63;9875174;1;10;15;kempe;instances/le450_15a.col;450;8168
63;10042497;1;10;15;kempe;instances/le450_15a.col;450;8168
63;10156565;1;10;15;kempe;instances/le450_15a.col;450;8168
67;10003907;1;10;15;kempe;instances/le450_15a.col;450;8168
64;10047912;1;10;15;kempe;instances/le450_15a.col;450;8168
64;10133587;1;10;15;kempe;instances/le450_15a.col;450;8168
67;9863036;1;10;15;kempe;instances/le450_15a.col;450;8168
64;9986595;1;10;15;kempe;instances/le450_15a.col;450;8168
63;97825080;0.1;100;15;kempe;instances/le450_15a.col;450;8168
65;98809409;0.1;100;15;kempe;instances/le450_15a.col;450;8168
63;98303874;0.1;100;15;kempe;instances/le450_15a.col;450;8168
65;97874033;0.1;100;15;kempe;instances/le450_15a.col;450;8168
61;98583185;0.1;100;15;kempe;instances/le450_15a.col;450;8168
66;98356090;0.1;100;15;kempe;instances/le450_15a.col;450;8168
61;98562401;0.1;100;15;kempe;instances/le450_15a.col;450;8168
65;98489632;0.1;100;15;kempe;instances/le450_15a.col;450;8168
62;98499955;0.1;100;15;kempe;instances/le450_15a.col;450;8168
66;98741225;0.1;100;15;kempe;instances/le450_15a.col;450;8168
57;98377466;0.1;100;15;kempe;instances/le450_15a.col;450;8168
64;98976763;0.1;100;15;kempe;instances/le450_15a.col;450;8168
59;97881244;0.1;100;15;kempe;instances/le450_15a.col;450;8168
66;98116171;0.1;100;15;kempe;instances/le450_15a.col;450;8168
67;98438368;0.1;100;15;kempe;instances/le450_15a.col;450;8168
63;98038248;0.1;100;15;kempe;instances/le450_15a.col;450;8168
62;98560554;0.1;100;15;kempe;instances/le450_15a.col;450;8168
58;97502296;0.1;100;15;kempe;instances/le450_15a.col;450;8168
64;96549333;0.1;100;15;kempe;instances/le450_15a.col;450;8168
66;97882213;0.1;100;15;kempe;instances/le450_15a.col;450;8168
64;98686477;0.2;100;15;kempe;instances/le450_15a.col;450;8168
66;98778975;0.2;100;15;kempe;instances/le450_15a.col;450;8168
67;98231694;0.2;100;15;kempe;instances/le450_15a.col;450;8168
65;98630301;0.2;100;15;kempe;instances/le450_15a.col;450;8168
65;98410950;0.2;100;15;kempe;instances/le450_15a.col;450;8168
62;97496979;0.2;100;15;kempe;instances/le450_15a.col;450;8168
64;96350984;0.2;100;15;kempe;instances/le450_15a.col;450;8168
67;97902803;0.2;100;15;kempe;instances/le450_15a.col;450;8168
62;99049884;0.2;100;15;kempe;instances/le450_15a.col;450;8168
64;98413441;0.2;100;15;kempe;instances/le450_15a.col;450;8168
64;98321151;0.2;100;15;kempe;instances/le450_15a.col;450;8168
64;97056994;0.2;100;15;kempe;instances/le450_15a.col;450;8168
65;98224054;0.2;100;15;kempe;instances/le450_15a.col;450;8168
67;98764863;0.2;100;15;kempe;instances/le450_15a.col;450;8168
60;98051739;0.2;100;15;kempe;instances/le450_15a.col;450;8168
63;98676994;0.2;100;15;kempe;instances/le450_15a.col;450;8168
64;98628966;0.2;100;15;kempe;instances/le450_15a.col;450;8168
64;98742552;0.2;100;15;kempe;instances/le450_15a.col;450;8168
67;98710291;0.2;100;15;kempe;instances/le450_15a.col;450;8168
64;98383141;0.2;100;15;kempe;instances/le450_15a.col;450;8168
67;98672504;0.3;100;15;kempe;instances/le450_15a.col;450;8168
64;98095313;0.3;100;15;kempe;instances/le450_15a.col;450;8168
66;97412295;0.3;100;15;kempe;instances/le450_15a.col;450;8168
63;97572765;0.3;100;15;kempe;instances/le450_15a.col;450;8168
65;97769012;0.3;100;15;kempe;instances/le450_15a.col;450;8168
63;98648699;0.3;100;15;kempe;instances/le450_15a.col;450;8168
60;97409182;0.3;100;15;kempe;instances/le450_15a.col;450;8168
65;99064395;0.3;100;15;kempe;instances/le450_15a.col;450;8168
65;98209782;0.3;100;15;kempe;instances/le450_15a.col;450;8168
65;97982205;0.3;100;15;kempe;instances/le450_15a.col;450;8168
65;98525216;0.3;100;15;kempe;instances/le450_15a.col;450;8168
66;98315961;0.3;100;15;kempe;instances/le450_15a.col;450;8168
62;97738602;0.3;100;15;kempe;instances/le450_15a.col;450;8168
66;97020201;0.3;100;15;kempe;instances/le450_15a.col;450;8168
64;97988262;0.3;100;15;kempe;instances/le450_15a.col;450;8168
65;98761627;0.3;100;15;kempe;instances/le450_15a.col;450;8168
64;99669080;0.3;100;15;kempe;instances/le450_15a.col;450;8168
64;98699701;0.3;100;15;kempe;instances/le450_15a.col;450;8168
63;99433340;0.3;100;15;kempe;instances/le450_15a.col;450;8168
62;98641963;0.3;100;15;kempe;instances/le450_15a.col;450;8168
60;98989971;0.4;100;15;kempe;instances/le450_15a.col;450;8168
66;98333311;0.4;100;15;kempe;instances/le450_15a.col;450;8168
65;98775234;0.4;100;15;kempe;instances/le450_15a.col;450;8168
66;97979955;0.4;100;15;kempe;instances/le450_15a.col;450;8168
66;97953979;0.4;100;15;kempe;instances/le450_15a.col;450;8168
64;98792556;0.4;100;15;kempe;instances/le450_15a.col;450;8168
65;98080827;0.4;100;15;kempe;instances/le450_15a.col;450;8168
66;98454525;0.4;100;15;kempe;instances/le450_15a.col;450;8168
63;98020032;0.4;100;15;kempe;instances/le450_15a.col;450;8168
61;98946180;0.4;100;15;kempe;instances/le450_15a.col;450;8168
67;98351233;0.4;100;15;kempe;instances/le450_15a.col;450;8168
65;98114995;0.4;100;15;kempe;instances/le450_15a.col;450;8168
65;98338622;0.4;100;15;kempe;instances/le450_15a.col;450;8168
64;97973594;0.4;100;15;kempe;instances/le450_15a.col;450;8168
64;99435775;0.4;100;15;kempe;instances/le450_15a.col;450;8168
65;98675475;0.4;100;15;kempe;instances/le450_15a.col;450;8168
64;98553778;0.4;100;15;kempe;instances/le450_15a.col;450;8168
65;98408615;0.4;100;15;kempe;instances/le450_15a.col;450;8168
66;97978257;0.4;100;15;kempe;instances/le450_15a.col;450;8168
66;98407894;0.4;100;15;kempe;instances/le450_15a.col;450;8168
63;98381671;0.5;100;15;kempe;instances/le450_15a.col;450;8168
62;98144133;0.5;100;15;kempe;instances/le450_15a.col;450;8168
62;98496343;0.5;100;15;kempe;instances/le450_15a.col;450;8168
62;98295570;0.5;100;15;kempe;instances/le450_15a.col;450;8168
65;98856923;0.5;100;15;kempe;instances/le450_15a.col;450;8168
64;98493135;0.5;100;15;kempe;instances/le450_15a.col;450;8168
66;99008458;0.5;100;15;kempe;instances/le450_15a.col;450;8168
64;98569128;0.5;100;15;kempe;instances/le450_15a.col;450;8168
63;98659672;0.5;100;15;kempe;instances/le450_15a.col;450;8168
64;98569493;0.5;100;15;kempe;instances/le450_15a.col;450;8168
61;98185084;0.5;100;15;kempe;instances/le450_15a.col;450;8168
64;98978477;0.5;100;15;kempe;instances/le450_15a.col;450;8168
65;100398488;0.5;100;15;kempe;instances/le450_15a.col;450;8168
62;98550611;0.5;100;15;kempe;instances/le450_15a.col;450;8168
64;98593429;0.5;100;15;kempe;instances/le450_15a.col;450;8168
65;98009897;0.5;100;15;kempe;instances/le450_15a.col;450;8168
67;98739958;0.5;100;15;kempe;instances/le450_15a.col;450;8168
64;98348533;0.5;100;15;kempe;instances/le450_15a.col;450;8168
66;98554662;0.5;100;15;kempe;instances/le450_15a.col;450;8168
67;98837469;0.5;100;15;kempe;instances/le450_15a.col;450;8168
63;97957068;0.6;100;15;kempe;instances/le450_15a.col;450;8168
63;99792486;0.6;100;15;kempe;instances/le450_15a.col;450;8168
62;98844670;0.6;100;15;kempe;instances/le450_15a.col;450;8168
65;98538234;0.6;100;15;kempe;instances/le450_15a.col;450;8168
66;98534625;0.6;100;15;kempe;instances/le450_15a.col;450;8168
63;98267507;0.6;100;15;kempe;instances/le450_15a.col;450;8168
60;98704564;0.6;100;15;kempe;instances/le450_15a.col;450;8168
64;97590562;0.6;100;15;kempe;instances/le450_15a.col;450;8168
64;98627683;0.6;100;15;kempe;instances/le450_15a.col;450;8168
66;98429758;0.6;100;15;kempe;instances/le450_15a.col;450;8168
63;98499099;0.6;100;15;kempe;instances/le450_15a.col;450;8168
64;99693719;0.6;100;15;kempe;instances/le450_15a.col;450;8168
65;98382119;0.6;100;15;kempe;instances/le450_15a.col;450;8168
64;97177798;0.6;100;15;kempe;instances/le450_15a.col;450;8168
64;97152545;0.6;100;15;kempe;instances/le450_15a.col;450;8168
63;98504522;0.6;100;15;kempe;instances/le450_15a.col;450;8168
62;98372158;0.6;100;15;kempe;instances/le450_15a.col;450;8168
63;96834251;0.6;100;15;kempe;instances/le450_15a.col;450;8168
63;98689203;0.6;100;15;kempe;instances/le450_15a.col;450;8168
65;98254909;0.6;100;15;kempe;instances/le450_15a.col;450;8168
68;98878158;0.7;100;15;kempe;instances/le450_15a.col;450;8168
64;98738712;0.7;100;15;kempe;instances/le450_15a.col;450;8168
64;98362160;0.7;100;15;kempe;instances/le450_15a.col;450;8168
66;99006699;0.7;100;15;kempe;instances/le450_15a.col;450;8168
64;98386139;0.7;100;15;kempe;instances/le450_15a.col;450;8168
63;98936943;0.7;100;15;kempe;instances/le450_15a.col;450;8168
65;99021731;0.7;100;15;kempe;instances/le450_15a.col;450;8168
65;98410539;0.7;100;15;kempe;instances/le450_15a.col;450;8168
67;99049012;0.7;100;15;kempe;instances/le450_15a.col;450;8168
62;99650936;0.7;100;15;kempe;instances/le450_15a.col;450;8168
63;98483111;0.7;100;15;kempe;instances/le450_15a.col;450;8168
67;97689687;0.7;100;15;kempe;instances/le450_15a.col;450;8168
64;98273652;0.7;100;15;kempe;instances/le450_15a.col;450;8168
62;98567542;0.7;100;15;kempe;instances/le450_15a.col;450;8168
58;98273816;0.7;100;15;kempe;instances/le450_15a.col;450;8168
61;98489386;0.7;100;15;kempe;instances/le450_15a.col;450;8168
63;98163216;0.7;100;15;kempe;instances/le450_15a.col;450;8168
66;98583549;0.7;100;15;kempe;instances/le450_15a.col;450;8168
62;99623222;0.7;100;15;kempe;instances/le450_15a.col;450;8168
63;98466676;0.7;100;15;kempe;instances/le450_15a.col;450;8168
64;98490275;0.8;100;15;kempe;instances/le450_15a.col;450;8168
66;98135617;0.8;100;15;kempe;instances/le450_15a.col;450;8168
64;98446024;0.8;100;15;kempe;instances/le450_15a.col;450;8168
67;98673282;0.8;100;15;kempe;instances/le450_15a.col;450;8168
63;98227866;0.8;100;15;kempe;instances/le450_15a.col;450;8168
63;98496158;0.8;100;15;kempe;instances/le450_15a.col;450;8168
64;98606597;0.8;100;15;kempe;instances/le450_15a.col;450;8168
66;99538901;0.8;100;15;kempe;instances/le450_15a.col;450;8168
61;98515293;0.8;100;15;kempe;instances/le450_15a.col;450;8168
65;98155289;0.8;100;15;kempe;instances/le450_15a.col;450;8168
64;98788293;0.8;100;15;kempe;instances/le450_15a.col;450;8168
63;98036948;0.8;100;15;kempe;instances/le450_15a.col;450;8168
63;98712377;0.8;100;15;kempe;instances/le450_15a.col;450;8168
63;98772026;0.8;100;15;kempe;instances/le450_15a.col;450;8168
64;97560571;0.8;100;15;kempe;instances/le450_15a.col;450;8168
64;97205698;0.8;100;15;kempe;instances/le450_15a.col;450;8168
65;98376591;0.8;100;15;kempe;instances/le450_15a.col;450;8168
64;99232434;0.8;100;15;kempe;instances/le450_15a.col;450;8168
65;98629114;0.8;100;15;kempe;instances/le450_15a.col;450;8168
64;98114814;0.8;100;15;kempe;instances/le450_15a.col;450;8168
63;98498954;0.9;100;15;kempe;instances/le450_15a.col;450;8168
64;98696534;0.9;100;15;kempe;instances/le450_15a.col;450;8168
64;98737186;0.9;100;15;kempe;instances/le450_15a.col;450;8168
64;98150211;0.9;100;15;kempe;instances/le450_15a.col;450;8168
64;98831748;0.9;100;15;kempe;instances/le450_15a.col;450;8168
65;99971070;0.9;100;15;kempe;instances/le450_15a.col;450;8168
62;98599352;0.9;100;15;kempe;instances/le450_15a.col;450;8168
60;98364393;0.9;100;15;kempe;instances/le450_15a.col;450;8168
64;98459514;0.9;100;15;kempe;instances/le450_15a.col;450;8168
66;98254325;0.9;100;15;kempe;instances/le450_15a.col;450;8168
64;98419461;0.9;100;15;kempe;instances/le450_15a.col;450;8168
65;97807926;0.9;100;15;kempe;instances/le450_15a.col;450;8168
57;98964440;0.9;100;15;kempe;instances/le450_15a.col;450;8168
66;98359153;0.9;100;15;kempe;instances/le450_15a.col;450;8168
65;98701797;0.9;100;15;kempe;instances/le450_15a.col;450;8168
62;99151566;0.9;100;15;kempe;instances/le450_15a.col;450;8168
65;98321695;0.9;100;15;kempe;instances/le450_15a.col;450;8168
66;98455046;0.9;100;15;kempe;instances/le450_15a.col;450;8168
65;98400571;0.9;100;15;kempe;instances/le450_15a.col;450;8168
63;98756451;0.9;100;15;kempe;instances/le450_15a.col;450;8168
59;99974320;1;100;15;kempe;instances/le450_15a.col;450;8168
58;100140060;1;100;15;kempe;instances/le450_15a.col;450;8168
58;100590344;1;100;15;kempe;instances/le450_15a.col;450;8168
59;100003821;1;100;15;kempe;instances/le450_15a.col;450;8168
55;101504123;1;100;15;kempe;instances/le450_15a.col;450;8168
58;99923340;1;100;15;kempe;instances/le450_15a.col;450;8168
58;100520319;1;100;15;kempe;instances/le450_15a.col;450;8168
59;100116692;1;100;15;kempe;instances/le450_15a.col;450;8168
61;100467531;1;100;15;kempe;instances/le450_15a.col;450;8168
58;100254210;1;100;15;kempe;instances/le450_15a.col;450;8168
57;100634053;1;100;15;kempe;instances/le450_15a.col;450;8168
62;100120987;1;100;15;kempe;instances/le450_15a.col;450;8168
60;99967090;1;100;15;kempe;instances/le450_15a.col;450;8168
61;101509224;1;100;15;kempe;instances/le450_15a.col;450;8168
58;100204790;1;100;15;kempe;instances/le450_15a.col;450;8168
57;99689338;1;100;15;kempe;instances/le450_15a.col;450;8168
60;100300508;1;100;15;kempe;instances/le450_15a.col;450;8168
58;99598369;1;100;15;kempe;instances/le450_15a.col;450;8168
54;100473763;1;100;15;kempe;instances/le450_15a.col;450;8168
59;99929130;1;100;15;kempe;instances/le450_15a.col;450;8168
61;983302558;0.1;1000;15;kempe;instances/le450_15a.col;450;8168
60;982306876;0.1;1000;15;kempe;instances/le450_15a.col;450;8168
56;983019179;0.1;1000;15;kempe;instances/le450_15a.col;450;8168
61;984166454;0.1;1000;15;kempe;instances/le450_15a.col;450;8168
60;985149486;0.1;1000;15;kempe;instances/le450_15a.col;450;8168
60;980797554;0.1;1000;15;kempe;instances/le450_15a.col;450;8168
60;984090205;0.1;1000;15;kempe;instances/le450_15a.col;450;8168
62;967320024;0.1;1000;15;kempe;instances/le450_15a.col;450;8168
61;976514792;0.1;1000;15;kempe;instances/le450_15a.col;450;8168
59;980787797;0.1;1000;15;kempe;instances/le450_15a.col;450;8168
63;982920818;0.1;1000;15;kempe;instances/le450_15a.col;450;8168
59;984489928;0.1;1000;15;kempe;instances/le450_15a.col;450;8168
61;981044783;0.1;1000;15;kempe;instances/le450_15a.col;450;8168
62;983396401;0.1;1000;15;kempe;instances/le450_15a.col;450;8168
59;986483124;0.1;1000;15;kempe;instances/le450_15a.col;450;8168
59;984694264;0.1;1000;15;kempe;instances/le450_15a.col;450;8168
63;989753907;0.1;1000;15;kempe;instances/le450_15a.col;450;8168
61;986388393;0.1;1000;15;kempe;instances/le450_15a.col;450;8168
58;984103855;0.1;1000;15;kempe;instances/le450_15a.col;450;8168
61;983485874;0.1;1000;15;kempe;instances/le450_15a.col;450;8168
62;983139112;0.2;1000;15;kempe;instances/le450_15a.col;450;8168
61;987264364;0.2;1000;15;kempe;instances/le450_15a.col;450;8168
57;983078870;0.2;1000;15;kempe;instances/le450_15a.col;450;8168
62;986659076;0.2;1000;15;kempe;instances/le450_15a.col;450;8168
63;984729862;0.2;1000;15;kempe;instances/le450_15a.col;450;8168
61;984697637;0.2;1000;15;kempe;instances/le450_15a.col;450;8168
58;987046601;0.2;1000;15;kempe;instances/le450_15a.col;450;8168
59;987622100;0.2;1000;15;kempe;instances/le450_15a.col;450;8168
59;986455958;0.2;1000;15;kempe;instances/le450_15a.col;450;8168
61;987632395;0.2;1000;15;kempe;instances/le450_15a.col;450;8168
58;987821682;0.2;1000;15;kempe;instances/le450_15a.col;450;8168
59;988134768;0.2;1000;15;kempe;instances/le450_15a.col;450;8168
61;988582583;0.2;1000;15;kempe;instances/le450_15a.col;450;8168
64;989053716;0.2;1000;15;kempe;instances/le450_15a.col;450;8168
55;987364711;0.2;1000;15;kempe;instances/le450_15a.col;450;8168
62;983067743;0.2;1000;15;kempe;instances/le450_15a.col;450;8168
61;987558321;0.2;1000;15;kempe;instances/le450_15a.col;450;8168
62;984302030;0.2;1000;15;kempe;instances/le450_15a.col;450;8168
60;987602968;0.2;1000;15;kempe;instances/le450_15a.col;450;8168
57;986760780;0.2;1000;15;kempe;instances/le450_15a.col;450;8168
60;989220557;0.3;1000;15;kempe;instances/le450_15a.col;450;8168
62;985718593;0.3;1000;15;kempe;instances/le450_15a.col;450;8168
60;992389282;0.3;1000;15;kempe;instances/le450_15a.col;450;8168
60;989689086;0.3;1000;15;kempe;instances/le450_15a.col;450;8168
63;987591436;0.3;1000;15;kempe;instances/le450_15a.col;450;8168
61;985463259;0.3;1000;15;kempe;instances/le450_15a.col;450;8168
60;987682813;0.3;1000;15;kempe;instances/le450_15a.col;450;8168
60;988557206;0.3;1000;15;kempe;instances/le450_15a.col;450;8168
58;985497479;0.3;1000;15;kempe;instances/le450_15a.col;450;8168
59;990304019;0.3;1000;15;kempe;instances/le450_15a.col;450;8168
61;984508193;0.3;1000;15;kempe;instances/le450_15a.col;450;8168
62;986753599;0.3;1000;15;kempe;instances/le450_15a.col;450;8168
58;987968995;0.3;1000;15;kempe;instances/le450_15a.col;450;8168
59;987646225;0.3;1000;15;kempe;instances/le450_15a.col;450;8168
60;986141715;0.3;1000;15;kempe;instances/le450_15a.col;450;8168
57;984644523;0.3;1000;15;kempe;instances/le450_15a.col;450;8168
55;986080323;0.3;1000;15;kempe;instances/le450_15a.col;450;8168
58;971532303;0.3;1000;15;kempe;instances/le450_15a.col;450;8168
60;977893307;0.3;1000;15;kempe;instances/le450_15a.col;450;8168
62;985556849;0.3;1000;15;kempe;instances/le450_15a.col;450;8168
60;982805929;0.4;1000;15;kempe;instances/le450_15a.col;450;8168
61;985316238;0.4;1000;15;kempe;instances/le450_15a.col;450;8168
61;985333129;0.4;1000;15;kempe;instances/le450_15a.col;450;8168
62;985219063;0.4;1000;15;kempe;instances/le450_15a.col;450;8168
59;984409716;0.4;1000;15;kempe;instances/le450_15a.col;450;8168
61;987323691;0.4;1000;15;kempe;instances/le450_15a.col;450;8168
60;985452315;0.4;1000;15;kempe;instances/le450_15a.col;450;8168
61;988242899;0.4;1000;15;kempe;instances/le450_15a.col;450;8168
62;985249814;0.4;1000;15;kempe;instances/le450_15a.col;450;8168
54;985339859;0.4;1000;15;kempe;instances/le450_15a.col;450;8168
60;985067232;0.4;1000;15;kempe;instances/le450_15a.col;450;8168
62;984499756;0.4;1000;15;kempe;instances/le450_15a.col;450;8168
61;985995521;0.4;1000;15;kempe;instances/le450_15a.col;450;8168
60;985918757;0.4;1000;15;kempe;instances/le450_15a.col;450;8168
62;986318612;0.4;1000;15;kempe;instances/le450_15a.col;450;8168
57;984418688;0.4;1000;15;kempe;instances/le450_15a.col;450;8168
60;984931028;0.4;1000;15;kempe;instances/le450_15a.col;450;8168
61;983897780;0.4;1000;15;kempe;instances/le450_15a.col;450;8168
59;987444452;0.4;1000;15;kempe;instances/le450_15a.col;450;8168
62;983875323;0.4;1000;15;kempe;instances/le450_15a.col;450;8168
61;984314118;0.5;1000;15;kempe;instances/le450_15a.col;450;8168
61;985827523;0.5;1000;15;kempe;instances/le450_15a.col;450;8168
57;984618479;0.5;1000;15;kempe;instances/le450_15a.col;450;8168
61;982325253;0.5;1000;15;kempe;instances/le450_15a.col;450;8168
61;986001766;0.5;1000;15;kempe;instances/le450_15a.col;450;8168
61;987155214;0.5;1000;15;kempe;instances/le450_15a.col;450;8168
57;987142840;0.5;1000;15;kempe;instances/le450_15a.col;450;8168
61;985714844;0.5;1000;15;kempe;instances/le450_15a.col;450;8168
60;987116691;0.5;1000;15;kempe;instances/le450_15a.col;450;8168
61;982303584;0.5;1000;15;kempe;instances/le450_15a.col;450;8168
60;983224976;0.5;1000;15;kempe;instances/le450_15a.col;450;8168
61;984323540;0.5;1000;15;kempe;instances/le450_15a.col;450;8168
61;983098636;0.5;1000;15;kempe;instances/le450_15a.col;450;8168
55;984253410;0.5;1000;15;kempe;instances/le450_15a.col;450;8168
62;983555350;0.5;1000;15;kempe;instances/le450_15a.col;450;8168
60;992070919;0.5;1000;15;kempe;instances/le450_15a.col;450;8168
61;985285284;0.5;1000;15;kempe;instances/le450_15a.col;450;8168
61;987282964;0.5;1000;15;kempe;instances/le450_15a.col;450;8168
61;983815897;0.5;1000;15;kempe;instances/le450_15a.col;450;8168
61;983822965;0.5;1000;15;kempe;instances/le450_15a.col;450;8168
62;984596139;0.6;1000;15;kempe;instances/le450_15a.col;450;8168
61;986367490;0.6;1000;15;kempe;instances/le450_15a.col;450;8168
63;973865698;0.6;1000;15;kempe;instances/le450_15a.col;450;8168
60;972783052;0.6;1000;15;kempe;instances/le450_15a.col;450;8168
60;988731448;0.6;1000;15;kempe;instances/le450_15a.col;450;8168
63;985088608;0.6;1000;15;kempe;instances/le450_15a.col;450;8168
60;985952813;0.6;1000;15;kempe;instances/le450_15a.col;450;8168
61;985393826;0.6;1000;15;kempe;instances/le450_15a.col;450;8168
61;984928067;0.6;1000;15;kempe;instances/le450_15a.col;450;8168
60;983881933;0.6;1000;15;kempe;instances/le450_15a.col;450;8168
54;988687281;0.6;1000;15;kempe;instances/le450_15a.col;450;8168
61;987067588;0.6;1000;15;kempe;instances/le450_15a.col;450;8168
59;984864004;0.6;1000;15;kempe;instances/le450_15a.col;450;8168
60;984675806;0.6;1000;15;kempe;instances/le450_15a.col;450;8168
60;986323433;0.6;1000;15;kempe;instances/le450_15a.col;450;8168
59;988583660;0.6;1000;15;kempe;instances/le450_15a.col;450;8168
61;984308626;0.6;1000;15;kempe;instances/le450_15a.col;450;8168
61;979870970;0.6;1000;15;kempe;instances/le450_15a.col;450;8168
62;986711197;0.6;1000;15;kempe;instances/le450_15a.col;450;8168
60;987516640;0.6;1000;15;kempe;instances/le450_15a.col;450;8168
61;987439064;0.7;1000;15;kempe;instances/le450_15a.col;450;8168
62;987816823;0.7;1000;15;kempe;instances/le450_15a.col;450;8168
59;986959857;0.7;1000;15;kempe;instances/le450_15a.col;450;8168
62;986776049;0.7;1000;15;kempe;instances/le450_15a.col;450;8168
57;984278278;0.7;1000;15;kempe;instances/le450_15a.col;450;8168
60;987109891;0.7;1000;15;kempe;instances/le450_15a.col;450;8168
63;987161259;0.7;1000;15;kempe;instances/le450_15a.col;450;8168
61;989138024;0.7;1000;15;kempe;instances/le450_15a.col;450;8168
60;988999109;0.7;1000;15;kempe;instances/le450_15a.col;450;8168
60;988098752;0.7;1000;15;kempe;instances/le450_15a.col;450;8168
63;989338774;0.7;1000;15;kempe;instances/le450_15a.col;450;8168
57;994002497;0.7;1000;15;kempe;instances/le450_15a.col;450;8168
58;986044026;0.7;1000;15;kempe;instances/le450_15a.col;450;8168
61;991441391;0.7;1000;15;kempe;instances/le450_15a.col;450;8168
60;986966995;0.7;1000;15;kempe;instances/le450_15a.col;450;8168
63;988918750;0.7;1000;15;kempe;instances/le450_15a.col;450;8168
56;974068973;0.7;1000;15;kempe;instances/le450_15a.col;450;8168
60;975047922;0.7;1000;15;kempe;instances/le450_15a.col;450;8168
61;985636156;0.7;1000;15;kempe;instances/le450_15a.col;450;8168
61;987557929;0.7;1000;15;kempe;instances/le450_15a.col;450;8168
61;984898960;0.8;1000;15;kempe;instances/le450_15a.col;450;8168
61;987885226;0.8;1000;15;kempe;instances/le450_15a.col;450;8168
61;984699811;0.8;1000;15;kempe;instances/le450_15a.col;450;8168
60;975229815;0.8;1000;15;kempe;instances/le450_15a.col;450;8168
61;970983055;0.8;1000;15;kempe;instances/le450_15a.col;450;8168
61;987616586;0.8;1000;15;kempe;instances/le450_15a.col;450;8168
56;985766460;0.8;1000;15;kempe;instances/le450_15a.col;450;8168
61;986538408;0.8;1000;15;kempe;instances/le450_15a.col;450;8168
62;972901691;0.8;1000;15;kempe;instances/le450_15a.col;450;8168
61;974704314;0.8;1000;15;kempe;instances/le450_15a.col;450;8168
63;986558428;0.8;1000;15;kempe;instances/le450_15a.col;450;8168
62;986049586;0.8;1000;15;kempe;instances/le450_15a.col;450;8168
62;987021769;0.8;1000;15;kempe;instances/le450_15a.col;450;8168
59;987095506;0.8;1000;15;kempe;instances/le450_15a.col;450;8168
62;986444840;0.8;1000;15;kempe;instances/le450_15a.col;450;8168
61;985926810;0.8;1000;15;kempe;instances/le450_15a.col;450;8168
61;987778268;0.8;1000;15;kempe;instances/le450_15a.col;450;8168
61;987067074;0.8;1000;15;kempe;instances/le450_15a.col;450;8168
54;970644996;0.8;1000;15;kempe;instances/le450_15a.col;450;8168
58;972121908;0.8;1000;15;kempe;instances/le450_15a.col;450;8168
58;982552846;0.9;1000;15;kempe;instances/le450_15a.col;450;8168
61;986437032;0.9;1000;15;kempe;instances/le450_15a.col;450;8168
61;988984246;0.9;1000;15;kempe;instances/le450_15a.col;450;8168
62;984715502;0.9;1000;15;kempe;instances/le450_15a.col;450;8168
62;986996282;0.9;1000;15;kempe;instances/le450_15a.col;450;8168
59;986023258;0.9;1000;15;kempe;instances/le450_15a.col;450;8168
62;985577353;0.9;1000;15;kempe;instances/le450_15a.col;450;8168
61;985363986;0.9;1000;15;kempe;instances/le450_15a.col;450;8168
61;985625043;0.9;1000;15;kempe;instances/le450_15a.col;450;8168
62;983659996;0.9;1000;15;kempe;instances/le450_15a.col;450;8168
60;983145649;0.9;1000;15;kempe;instances/le450_15a.col;450;8168
60;981845982;0.9;1000;15;kempe;instances/le450_15a.col;450;8168
62;981505228;0.9;1000;15;kempe;instances/le450_15a.col;450;8168
63;980705132;0.9;1000;15;kempe;instances/le450_15a.col;450;8168
63;982104637;0.9;1000;15;kempe;instances/le450_15a.col;450;8168
61;980916235;0.9;1000;15;kempe;instances/le450_15a.col;450;8168
60;982288254;0.9;1000;15;kempe;instances/le450_15a.col;450;8168
62;980026653;0.9;1000;15;kempe;instances/le450_15a.col;450;8168
60;980599650;0.9;1000;15;kempe;instances/le450_15a.col;450;8168
61;983490012;0.9;1000;15;kempe;instances/le450_15a.col;450;8168
55;998773989;1;1000;15;kempe;instances/le450_15a.col;450;8168
53;986420697;1;1000;15;kempe;instances/le450_15a.col;450;8168
56;982748565;1;1000;15;kempe;instances/le450_15a.col;450;8168
55;1000939985;1;1000;15;kempe;instances/le450_15a.col;450;8168
55;1000548472;1;1000;15;kempe;instances/le450_15a.col;450;8168
56;1001391319;1;1000;15;kempe;instances/le450_15a.col;450;8168
55;1000865336;1;1000;15;kempe;instances/le450_15a.col;450;8168
55;1004435035;1;1000;15;kempe;instances/le450_15a.col;450;8168
53;1002345471;1;1000;15;kempe;instances/le450_15a.col;450;8168
55;1001451423;1;1000;15;kempe;instances/le450_15a.col;450;8168
54;1001574051;1;1000;15;kempe;instances/le450_15a.col;450;8168
54;1001987456;1;1000;15;kempe;instances/le450_15a.col;450;8168
55;999874123;1;1000;15;kempe;instances/le450_15a.col;450;8168
56;1003125897;1;1000;15;kempe;instances/le450_15a.col;450;8168
53;982341290;1;1000;15;kempe;instances/le450_15a.col;450;8168
55;1000432891;1;1000;15;kempe;instances/le450_15a.col;450;8168
54;1002113655;1;1000;15;kempe;instances/le450_15a.col;450;8168
56;1004789630;1;1000;15;kempe;instances/le450_15a.col;450;8168
55;1000247134;1;1000;15;kempe;instances/le450_15a.col;450;8168
53;988654312;1;1000;15;kempe;instances/le450_15a.col;450;8168
