165;899234;0;50;5;20;instances/DSJC500.5.col;1;0;500;62624
165;875770;0;50;5;20;instances/DSJC500.5.col;1;0;500;62624
169;890426;0;50;5;20;instances/DSJC500.5.col;1;0;500;62624
158;878147;0;50;5;20;instances/DSJC500.5.col;1;0;500;62624
167;883116;0;50;5;20;instances/DSJC500.5.col;1;0;500;62624
168;868674;0;50;5;20;instances/DSJC500.5.col;1;0;500;62624
163;895919;0;50;5;20;instances/DSJC500.5.col;1;0;500;62624
168;870594;0;50;5;20;instances/DSJC500.5.col;1;0;500;62624
168;893121;0;50;5;20;instances/DSJC500.5.col;1;0;500;62624
174;871143;0;50;5;20;instances/DSJC500.5.col;1;0;500;62624
160;1519712;0;50;5;50;instances/DSJC500.5.col;1;0;500;62624
168;1517835;0;50;5;50;instances/DSJC500.5.col;1;0;500;62624
172;1506633;0;50;5;50;instances/DSJC500.5.col;1;0;500;62624
171;1773831;13;50;5;50;instances/DSJC500.5.col;1;0;500;62624
165;1481673;0;50;5;50;instances/DSJC500.5.col;1;0;500;62624
166;1497843;0;50;5;50;instances/DSJC500.5.col;1;0;500;62624
173;1498722;0;50;5;50;instances/DSJC500.5.col;1;0;500;62624
170;1484298;0;50;5;50;instances/DSJC500.5.col;1;0;500;62624
162;1503092;0;50;5;50;instances/DSJC500.5.col;1;0;500;62624
168;1518451;0;50;5;50;instances/DSJC500.5.col;1;0;500;62624
167;1902638;0;50;5;70;instances/DSJC500.5.col;1;0;500;62624
173;1883376;0;50;5;70;instances/DSJC500.5.col;1;0;500;62624
165;1899906;0;50;5;70;instances/DSJC500.5.col;1;0;500;62624
162;1915956;0;50;5;70;instances/DSJC500.5.col;1;0;500;62624
173;1920347;0;50;5;70;instances/DSJC500.5.col;1;0;500;62624
167;1934115;0;50;5;70;instances/DSJC500.5.col;1;0;500;62624
168;1896368;0;50;5;70;instances/DSJC500.5.col;1;0;500;62624
159;1908521;0;50;5;70;instances/DSJC500.5.col;1;0;500;62624
168;1886888;0;50;5;70;instances/DSJC500.5.col;1;0;500;62624
172;1929313;0;50;5;70;instances/DSJC500.5.col;1;0;500;62624
168;2094893;0;50;5;80;instances/DSJC500.5.col;1;0;500;62624
162;2129999;0;50;5;80;instances/DSJC500.5.col;1;0;500;62624
158;2112022;0;50;5;80;instances/DSJC500.5.col;1;0;500;62624
169;2099426;0;50;5;80;instances/DSJC500.5.col;1;0;500;62624
174;2114739;0;50;5;80;instances/DSJC500.5.col;1;0;500;62624
171;2089877;0;50;5;80;instances/DSJC500.5.col;1;0;500;62624
170;2085540;0;50;5;80;instances/DSJC500.5.col;1;0;500;62624
159;2072671;0;50;5;80;instances/DSJC500.5.col;1;0;500;62624
169;2118168;0;50;5;80;instances/DSJC500.5.col;1;0;500;62624
170;2103128;0;50;5;80;instances/DSJC500.5.col;1;0;500;62624
166;855620;0;50;10;20;instances/DSJC500.5.col;1;0;500;62624
161;854790;0;50;10;20;instances/DSJC500.5.col;1;0;500;62624
169;838179;0;50;10;20;instances/DSJC500.5.col;1;0;500;62624
167;854971;0;50;10;20;instances/DSJC500.5.col;1;0;500;62624
167;875926;0;50;10;20;instances/DSJC500.5.col;1;0;500;62624
170;847018;0;50;10;20;instances/DSJC500.5.col;1;0;500;62624
170;891500;0;50;10;20;instances/DSJC500.5.col;1;0;500;62624
168;854549;0;50;10;20;instances/DSJC500.5.col;1;0;500;62624
171;1211404;16;50;10;20;instances/DSJC500.5.col;1;0;500;62624
169;876502;0;50;10;20;instances/DSJC500.5.col;1;0;500;62624
171;1447851;0;50;10;50;instances/DSJC500.5.col;1;0;500;62624
168;1462532;0;50;10;50;instances/DSJC500.5.col;1;0;500;62624
165;1477956;0;50;10;50;instances/DSJC500.5.col;1;0;500;62624
164;1505282;0;50;10;50;instances/DSJC500.5.col;1;0;500;62624
167;1464893;0;50;10;50;instances/DSJC500.5.col;1;0;500;62624
166;1487686;0;50;10;50;instances/DSJC500.5.col;1;0;500;62624
165;1472096;0;50;10;50;instances/DSJC500.5.col;1;0;500;62624
167;1470942;0;50;10;50;instances/DSJC500.5.col;1;0;500;62624
167;1493270;0;50;10;50;instances/DSJC500.5.col;1;0;500;62624
166;1475318;0;50;10;50;instances/DSJC500.5.col;1;0;500;62624
168;1869476;0;50;10;70;instances/DSJC500.5.col;1;0;500;62624
166;1875442;0;50;10;70;instances/DSJC500.5.col;1;0;500;62624
169;1910351;0;50;10;70;instances/DSJC500.5.col;1;0;500;62624
163;1949077;0;50;10;70;instances/DSJC500.5.col;1;0;500;62624
166;1884308;0;50;10;70;instances/DSJC500.5.col;1;0;500;62624
168;1865920;0;50;10;70;instances/DSJC500.5.col;1;0;500;62624
164;1885828;0;50;10;70;instances/DSJC500.5.col;1;0;500;62624
170;1874527;0;50;10;70;instances/DSJC500.5.col;1;0;500;62624
171;1872443;0;50;10;70;instances/DSJC500.5.col;1;0;500;62624
163;1867507;0;50;10;70;instances/DSJC500.5.col;1;0;500;62624
170;2068133;0;50;10;80;instances/DSJC500.5.col;1;0;500;62624
171;2064493;0;50;10;80;instances/DSJC500.5.col;1;0;500;62624
170;2076233;0;50;10;80;instances/DSJC500.5.col;1;0;500;62624
169;2073142;0;50;10;80;instances/DSJC500.5.col;1;0;500;62624
168;2069508;0;50;10;80;instances/DSJC500.5.col;1;0;500;62624
170;2047470;0;50;10;80;instances/DSJC500.5.col;1;0;500;62624
167;2084267;0;50;10;80;instances/DSJC500.5.col;1;0;500;62624
165;2069256;0;50;10;80;instances/DSJC500.5.col;1;0;500;62624
169;2056156;0;50;10;80;instances/DSJC500.5.col;1;0;500;62624
169;2077150;0;50;10;80;instances/DSJC500.5.col;1;0;500;62624
173;819448;0;50;25;20;instances/DSJC500.5.col;1;0;500;62624
161;830160;0;50;25;20;instances/DSJC500.5.col;1;0;500;62624
167;843741;0;50;25;20;instances/DSJC500.5.col;1;0;500;62624
166;813606;0;50;25;20;instances/DSJC500.5.col;1;0;500;62624
166;823399;0;50;25;20;instances/DSJC500.5.col;1;0;500;62624
172;813867;0;50;25;20;instances/DSJC500.5.col;1;0;500;62624
163;821983;0;50;25;20;instances/DSJC500.5.col;1;0;500;62624
171;826893;0;50;25;20;instances/DSJC500.5.col;1;0;500;62624
163;819113;0;50;25;20;instances/DSJC500.5.col;1;0;500;62624
164;799901;0;50;25;20;instances/DSJC500.5.col;1;0;500;62624
164;1359871;0;50;25;50;instances/DSJC500.5.col;1;0;500;62624
168;1372932;0;50;25;50;instances/DSJC500.5.col;1;0;500;62624
169;1347853;0;50;25;50;instances/DSJC500.5.col;1;0;500;62624
169;1359416;0;50;25;50;instances/DSJC500.5.col;1;0;500;62624
171;1347738;0;50;25;50;instances/DSJC500.5.col;1;0;500;62624
160;1352306;0;50;25;50;instances/DSJC500.5.col;1;0;500;62624
166;1348017;0;50;25;50;instances/DSJC500.5.col;1;0;500;62624
165;1348664;0;50;25;50;instances/DSJC500.5.col;1;0;500;62624
163;1353170;0;50;25;50;instances/DSJC500.5.col;1;0;500;62624
168;1360014;0;50;25;50;instances/DSJC500.5.col;1;0;500;62624
171;1708693;0;50;25;70;instances/DSJC500.5.col;1;0;500;62624
173;1705942;0;50;25;70;instances/DSJC500.5.col;1;0;500;62624
170;1757561;0;50;25;70;instances/DSJC500.5.col;1;0;500;62624
171;1700979;0;50;25;70;instances/DSJC500.5.col;1;0;500;62624
170;1711816;0;50;25;70;instances/DSJC500.5.col;1;0;500;62624
169;1732222;0;50;25;70;instances/DSJC500.5.col;1;0;500;62624
160;1694456;0;50;25;70;instances/DSJC500.5.col;1;0;500;62624
169;2664022;50;50;25;70;instances/DSJC500.5.col;1;0;500;62624
164;1705794;0;50;25;70;instances/DSJC500.5.col;1;0;500;62624
169;1715099;0;50;25;70;instances/DSJC500.5.col;1;0;500;62624
174;1909660;0;50;25;80;instances/DSJC500.5.col;1;0;500;62624
169;1912324;0;50;25;80;instances/DSJC500.5.col;1;0;500;62624
170;1925364;0;50;25;80;instances/DSJC500.5.col;1;0;500;62624
171;1899984;0;50;25;80;instances/DSJC500.5.col;1;0;500;62624
160;1870420;0;50;25;80;instances/DSJC500.5.col;1;0;500;62624
171;1877835;0;50;25;80;instances/DSJC500.5.col;1;0;500;62624
171;1888984;0;50;25;80;instances/DSJC500.5.col;1;0;500;62624
171;1895490;0;50;25;80;instances/DSJC500.5.col;1;0;500;62624
170;1884533;0;50;25;80;instances/DSJC500.5.col;1;0;500;62624
163;1888873;0;50;25;80;instances/DSJC500.5.col;1;0;500;62624
170;794618;0;50;50;20;instances/DSJC500.5.col;1;0;500;62624
170;813091;0;50;50;20;instances/DSJC500.5.col;1;0;500;62624
170;801896;0;50;50;20;instances/DSJC500.5.col;1;0;500;62624
161;810280;0;50;50;20;instances/DSJC500.5.col;1;0;500;62624
167;812721;0;50;50;20;instances/DSJC500.5.col;1;0;500;62624
167;814623;0;50;50;20;instances/DSJC500.5.col;1;0;500;62624
167;822418;0;50;50;20;instances/DSJC500.5.col;1;0;500;62624
165;826666;0;50;50;20;instances/DSJC500.5.col;1;0;500;62624
168;824218;0;50;50;20;instances/DSJC500.5.col;1;0;500;62624
172;810233;0;50;50;20;instances/DSJC500.5.col;1;0;500;62624
166;1309002;0;50;50;50;instances/DSJC500.5.col;1;0;500;62624
171;1312471;0;50;50;50;instances/DSJC500.5.col;1;0;500;62624
163;1295700;0;50;50;50;instances/DSJC500.5.col;1;0;500;62624
173;1307013;0;50;50;50;instances/DSJC500.5.col;1;0;500;62624
163;1319123;0;50;50;50;instances/DSJC500.5.col;1;0;500;62624
172;1321671;0;50;50;50;instances/DSJC500.5.col;1;0;500;62624
168;1309705;0;50;50;50;instances/DSJC500.5.col;1;0;500;62624
170;1323969;0;50;50;50;instances/DSJC500.5.col;1;0;500;62624
163;1325885;0;50;50;50;instances/DSJC500.5.col;1;0;500;62624
166;1308922;0;50;50;50;instances/DSJC500.5.col;1;0;500;62624
171;1655557;0;50;50;70;instances/DSJC500.5.col;1;0;500;62624
171;1660289;0;50;50;70;instances/DSJC500.5.col;1;0;500;62624
170;1660025;0;50;50;70;instances/DSJC500.5.col;1;0;500;62624
168;1674283;0;50;50;70;instances/DSJC500.5.col;1;0;500;62624
167;1640151;0;50;50;70;instances/DSJC500.5.col;1;0;500;62624
171;1707347;0;50;50;70;instances/DSJC500.5.col;1;0;500;62624
176;1669646;0;50;50;70;instances/DSJC500.5.col;1;0;500;62624
166;1664190;0;50;50;70;instances/DSJC500.5.col;1;0;500;62624
158;1661964;0;50;50;70;instances/DSJC500.5.col;1;0;500;62624
163;1690969;0;50;50;70;instances/DSJC500.5.col;1;0;500;62624
164;1814531;0;50;50;80;instances/DSJC500.5.col;1;0;500;62624
167;1813105;0;50;50;80;instances/DSJC500.5.col;1;0;500;62624
161;1819747;0;50;50;80;instances/DSJC500.5.col;1;0;500;62624
169;1824834;0;50;50;80;instances/DSJC500.5.col;1;0;500;62624
166;2088822;14;50;50;80;instances/DSJC500.5.col;1;0;500;62624
167;1823333;0;50;50;80;instances/DSJC500.5.col;1;0;500;62624
171;3172552;75;50;50;80;instances/DSJC500.5.col;1;0;500;62624
170;1835273;0;50;50;80;instances/DSJC500.5.col;1;0;500;62624
173;1840355;0;50;50;80;instances/DSJC500.5.col;1;0;500;62624
169;1846180;0;50;50;80;instances/DSJC500.5.col;1;0;500;62624
169;1742258;0;100;5;20;instances/DSJC500.5.col;1;0;500;62624
169;1754061;0;100;5;20;instances/DSJC500.5.col;1;0;500;62624
166;1756450;0;100;5;20;instances/DSJC500.5.col;1;0;500;62624
169;1763644;0;100;5;20;instances/DSJC500.5.col;1;0;500;62624
165;1779110;0;100;5;20;instances/DSJC500.5.col;1;0;500;62624
170;1790523;0;100;5;20;instances/DSJC500.5.col;1;0;500;62624
165;1743837;0;100;5;20;instances/DSJC500.5.col;1;0;500;62624
159;1765215;0;100;5;20;instances/DSJC500.5.col;1;0;500;62624
168;1767500;0;100;5;20;instances/DSJC500.5.col;1;0;500;62624
163;1768103;0;100;5;20;instances/DSJC500.5.col;1;0;500;62624
163;2960284;0;100;5;50;instances/DSJC500.5.col;1;0;500;62624
160;2959083;0;100;5;50;instances/DSJC500.5.col;1;0;500;62624
168;2987072;0;100;5;50;instances/DSJC500.5.col;1;0;500;62624
164;2974915;0;100;5;50;instances/DSJC500.5.col;1;0;500;62624
164;2941757;0;100;5;50;instances/DSJC500.5.col;1;0;500;62624
167;3988303;25;100;5;50;instances/DSJC500.5.col;1;0;500;62624
165;3013604;0;100;5;50;instances/DSJC500.5.col;1;0;500;62624
166;2956802;0;100;5;50;instances/DSJC500.5.col;1;0;500;62624
170;2968551;0;100;5;50;instances/DSJC500.5.col;1;0;500;62624
159;2978191;0;100;5;50;instances/DSJC500.5.col;1;0;500;62624
166;3787640;0;100;5;70;instances/DSJC500.5.col;1;0;500;62624
163;3744814;0;100;5;70;instances/DSJC500.5.col;1;0;500;62624
166;3735016;0;100;5;70;instances/DSJC500.5.col;1;0;500;62624
168;3779347;0;100;5;70;instances/DSJC500.5.col;1;0;500;62624
161;3771653;0;100;5;70;instances/DSJC500.5.col;1;0;500;62624
161;3767083;0;100;5;70;instances/DSJC500.5.col;1;0;500;62624
162;3767494;0;100;5;70;instances/DSJC500.5.col;1;0;500;62624
171;3748526;0;100;5;70;instances/DSJC500.5.col;1;0;500;62624
167;3765761;0;100;5;70;instances/DSJC500.5.col;1;0;500;62624
157;3796042;0;100;5;70;instances/DSJC500.5.col;1;0;500;62624
166;4189358;0;100;5;80;instances/DSJC500.5.col;1;0;500;62624
166;4196930;0;100;5;80;instances/DSJC500.5.col;1;0;500;62624
166;4091462;0;100;5;80;instances/DSJC500.5.col;1;0;500;62624
168;4403421;0;100;5;80;instances/DSJC500.5.col;1;0;500;62624
166;4158113;0;100;5;80;instances/DSJC500.5.col;1;0;500;62624
165;4211584;0;100;5;80;instances/DSJC500.5.col;1;0;500;62624
166;4184468;0;100;5;80;instances/DSJC500.5.col;1;0;500;62624
163;4186364;0;100;5;80;instances/DSJC500.5.col;1;0;500;62624
160;4155609;0;100;5;80;instances/DSJC500.5.col;1;0;500;62624
165;4198300;0;100;5;80;instances/DSJC500.5.col;1;0;500;62624
163;1729039;0;100;10;20;instances/DSJC500.5.col;1;0;500;62624
164;1730778;0;100;10;20;instances/DSJC500.5.col;1;0;500;62624
164;1723687;0;100;10;20;instances/DSJC500.5.col;1;0;500;62624
164;1707699;0;100;10;20;instances/DSJC500.5.col;1;0;500;62624
164;1727294;0;100;10;20;instances/DSJC500.5.col;1;0;500;62624
170;1721514;0;100;10;20;instances/DSJC500.5.col;1;0;500;62624
166;1706902;0;100;10;20;instances/DSJC500.5.col;1;0;500;62624
170;1735441;0;100;10;20;instances/DSJC500.5.col;1;0;500;62624
164;1726247;0;100;10;20;instances/DSJC500.5.col;1;0;500;62624
163;1725793;0;100;10;20;instances/DSJC500.5.col;1;0;500;62624
162;2983634;0;100;10;50;instances/DSJC500.5.col;1;0;500;62624
165;2921469;0;100;10;50;instances/DSJC500.5.col;1;0;500;62624
168;2922860;0;100;10;50;instances/DSJC500.5.col;1;0;500;62624
160;2989580;0;100;10;50;instances/DSJC500.5.col;1;0;500;62624
168;2955954;0;100;10;50;instances/DSJC500.5.col;1;0;500;62624
169;2948167;0;100;10;50;instances/DSJC500.5.col;1;0;500;62624
165;2924473;0;100;10;50;instances/DSJC500.5.col;1;0;500;62624
165;2937462;0;100;10;50;instances/DSJC500.5.col;1;0;500;62624
167;2970883;0;100;10;50;instances/DSJC500.5.col;1;0;500;62624
165;2940281;0;100;10;50;instances/DSJC500.5.col;1;0;500;62624
163;3707230;0;100;10;70;instances/DSJC500.5.col;1;0;500;62624
165;3734878;0;100;10;70;instances/DSJC500.5.col;1;0;500;62624
160;3710465;0;100;10;70;instances/DSJC500.5.col;1;0;500;62624
163;3730066;0;100;10;70;instances/DSJC500.5.col;1;0;500;62624
167;3737052;0;100;10;70;instances/DSJC500.5.col;1;0;500;62624
165;3774470;0;100;10;70;instances/DSJC500.5.col;1;0;500;62624
163;3693079;0;100;10;70;instances/DSJC500.5.col;1;0;500;62624
165;3710896;0;100;10;70;instances/DSJC500.5.col;1;0;500;62624
167;3730317;0;100;10;70;instances/DSJC500.5.col;1;0;500;62624
154;3740645;0;100;10;70;instances/DSJC500.5.col;1;0;500;62624
165;4147001;0;100;10;80;instances/DSJC500.5.col;1;0;500;62624
164;4165757;0;100;10;80;instances/DSJC500.5.col;1;0;500;62624
169;4085193;0;100;10;80;instances/DSJC500.5.col;1;0;500;62624
168;4147215;0;100;10;80;instances/DSJC500.5.col;1;0;500;62624
161;4098059;0;100;10;80;instances/DSJC500.5.col;1;0;500;62624
168;4136496;0;100;10;80;instances/DSJC500.5.col;1;0;500;62624
166;4121666;0;100;10;80;instances/DSJC500.5.col;1;0;500;62624
165;4142491;0;100;10;80;instances/DSJC500.5.col;1;0;500;62624
165;4161965;0;100;10;80;instances/DSJC500.5.col;1;0;500;62624
157;4161976;0;100;10;80;instances/DSJC500.5.col;1;0;500;62624
162;1647172;0;100;25;20;instances/DSJC500.5.col;1;0;500;62624
169;1651547;0;100;25;20;instances/DSJC500.5.col;1;0;500;62624
163;1631114;0;100;25;20;instances/DSJC500.5.col;1;0;500;62624
163;1631579;0;100;25;20;instances/DSJC500.5.col;1;0;500;62624
167;1634772;0;100;25;20;instances/DSJC500.5.col;1;0;500;62624
166;1666249;0;100;25;20;instances/DSJC500.5.col;1;0;500;62624
169;1618404;0;100;25;20;instances/DSJC500.5.col;1;0;500;62624
162;1744508;0;100;25;20;instances/DSJC500.5.col;1;0;500;62624
164;1759379;0;100;25;20;instances/DSJC500.5.col;1;0;500;62624
167;1765798;0;100;25;20;instances/DSJC500.5.col;1;0;500;62624
155;2904850;0;100;25;50;instances/DSJC500.5.col;1;0;500;62624
161;2817311;0;100;25;50;instances/DSJC500.5.col;1;0;500;62624
170;2737644;0;100;25;50;instances/DSJC500.5.col;1;0;500;62624
157;2750026;0;100;25;50;instances/DSJC500.5.col;1;0;500;62624
165;2745811;0;100;25;50;instances/DSJC500.5.col;1;0;500;62624
161;2755364;0;100;25;50;instances/DSJC500.5.col;1;0;500;62624
167;2828210;0;100;25;50;instances/DSJC500.5.col;1;0;500;62624
168;2723435;0;100;25;50;instances/DSJC500.5.col;1;0;500;62624
172;2741605;0;100;25;50;instances/DSJC500.5.col;1;0;500;62624
165;2781257;0;100;25;50;instances/DSJC500.5.col;1;0;500;62624
164;3516908;0;100;25;70;instances/DSJC500.5.col;1;0;500;62624
168;3546587;0;100;25;70;instances/DSJC500.5.col;1;0;500;62624
164;3453505;0;100;25;70;instances/DSJC500.5.col;1;0;500;62624
166;3478486;0;100;25;70;instances/DSJC500.5.col;1;0;500;62624
167;3487710;0;100;25;70;instances/DSJC500.5.col;1;0;500;62624
166;3471338;0;100;25;70;instances/DSJC500.5.col;1;0;500;62624
163;3507045;0;100;25;70;instances/DSJC500.5.col;1;0;500;62624
165;3477360;0;100;25;70;instances/DSJC500.5.col;1;0;500;62624
166;3473484;0;100;25;70;instances/DSJC500.5.col;1;0;500;62624
160;3482307;0;100;25;70;instances/DSJC500.5.col;1;0;500;62624
165;3900977;0;100;25;80;instances/DSJC500.5.col;1;0;500;62624
170;3876716;0;100;25;80;instances/DSJC500.5.col;1;0;500;62624
160;3863625;0;100;25;80;instances/DSJC500.5.col;1;0;500;62624
167;3877372;0;100;25;80;instances/DSJC500.5.col;1;0;500;62624
163;3836018;0;100;25;80;instances/DSJC500.5.col;1;0;500;62624
163;3850626;0;100;25;80;instances/DSJC500.5.col;1;0;500;62624
159;3907720;0;100;25;80;instances/DSJC500.5.col;1;0;500;62624
154;3887264;0;100;25;80;instances/DSJC500.5.col;1;0;500;62624
155;3918763;0;100;25;80;instances/DSJC500.5.col;1;0;500;62624
165;6305931;61;100;25;80;instances/DSJC500.5.col;1;0;500;62624
168;1634306;0;100;50;20;instances/DSJC500.5.col;1;0;500;62624
168;1655050;0;100;50;20;instances/DSJC500.5.col;1;0;500;62624
164;1666379;0;100;50;20;instances/DSJC500.5.col;1;0;500;62624
168;1641499;0;100;50;20;instances/DSJC500.5.col;1;0;500;62624
166;1622631;0;100;50;20;instances/DSJC500.5.col;1;0;500;62624
166;1627767;0;100;50;20;instances/DSJC500.5.col;1;0;500;62624
164;1676501;0;100;50;20;instances/DSJC500.5.col;1;0;500;62624
170;1668722;0;100;50;20;instances/DSJC500.5.col;1;0;500;62624
164;1636124;0;100;50;20;instances/DSJC500.5.col;1;0;500;62624
158;1636219;0;100;50;20;instances/DSJC500.5.col;1;0;500;62624
168;2645642;0;100;50;50;instances/DSJC500.5.col;1;0;500;62624
161;2641823;0;100;50;50;instances/DSJC500.5.col;1;0;500;62624
161;2612163;0;100;50;50;instances/DSJC500.5.col;1;0;500;62624
168;2621755;0;100;50;50;instances/DSJC500.5.col;1;0;500;62624
162;2631027;0;100;50;50;instances/DSJC500.5.col;1;0;500;62624
165;2656647;0;100;50;50;instances/DSJC500.5.col;1;0;500;62624
164;2578510;0;100;50;50;instances/DSJC500.5.col;1;0;500;62624
167;2643259;0;100;50;50;instances/DSJC500.5.col;1;0;500;62624
166;2655552;0;100;50;50;instances/DSJC500.5.col;1;0;500;62624
162;2704776;0;100;50;50;instances/DSJC500.5.col;1;0;500;62624
168;3523770;0;100;50;70;instances/DSJC500.5.col;1;0;500;62624
167;3403292;0;100;50;70;instances/DSJC500.5.col;1;0;500;62624
165;3352313;0;100;50;70;instances/DSJC500.5.col;1;0;500;62624
163;3330793;0;100;50;70;instances/DSJC500.5.col;1;0;500;62624
166;3349212;0;100;50;70;instances/DSJC500.5.col;1;0;500;62624
170;3348237;0;100;50;70;instances/DSJC500.5.col;1;0;500;62624
165;3304303;0;100;50;70;instances/DSJC500.5.col;1;0;500;62624
165;3330793;0;100;50;70;instances/DSJC500.5.col;1;0;500;62624
167;3349728;0;100;50;70;instances/DSJC500.5.col;1;0;500;62624
160;3334656;0;100;50;70;instances/DSJC500.5.col;1;0;500;62624
164;3653163;0;100;50;80;instances/DSJC500.5.col;1;0;500;62624
166;3675612;0;100;50;80;instances/DSJC500.5.col;1;0;500;62624
168;3830705;0;100;50;80;instances/DSJC500.5.col;1;0;500;62624
168;4031810;0;100;50;80;instances/DSJC500.5.col;1;0;500;62624
167;3799355;0;100;50;80;instances/DSJC500.5.col;1;0;500;62624
165;3687360;0;100;50;80;instances/DSJC500.5.col;1;0;500;62624
161;3694754;0;100;50;80;instances/DSJC500.5.col;1;0;500;62624
165;3712554;0;100;50;80;instances/DSJC500.5.col;1;0;500;62624
166;3731152;0;100;50;80;instances/DSJC500.5.col;1;0;500;62624
168;3684858;0;100;50;80;instances/DSJC500.5.col;1;0;500;62624
160;3582425;0;200;5;20;instances/DSJC500.5.col;1;0;500;62624
164;3539434;0;200;5;20;instances/DSJC500.5.col;1;0;500;62624
163;3578958;0;200;5;20;instances/DSJC500.5.col;1;0;500;62624
164;3583522;0;200;5;20;instances/DSJC500.5.col;1;0;500;62624
162;3561613;0;200;5;20;instances/DSJC500.5.col;1;0;500;62624
167;3605016;0;200;5;20;instances/DSJC500.5.col;1;0;500;62624
164;3548848;0;200;5;20;instances/DSJC500.5.col;1;0;500;62624
164;3541345;0;200;5;20;instances/DSJC500.5.col;1;0;500;62624
158;3537881;0;200;5;20;instances/DSJC500.5.col;1;0;500;62624
165;3500720;0;200;5;20;instances/DSJC500.5.col;1;0;500;62624
157;5914884;0;200;5;50;instances/DSJC500.5.col;1;0;500;62624
162;5935893;0;200;5;50;instances/DSJC500.5.col;1;0;500;62624
160;5963718;0;200;5;50;instances/DSJC500.5.col;1;0;500;62624
164;5978251;0;200;5;50;instances/DSJC500.5.col;1;0;500;62624
163;5994766;0;200;5;50;instances/DSJC500.5.col;1;0;500;62624
163;7903914;23;200;5;50;instances/DSJC500.5.col;1;0;500;62624
161;5925767;0;200;5;50;instances/DSJC500.5.col;1;0;500;62624
163;5949481;0;200;5;50;instances/DSJC500.5.col;1;0;500;62624
160;5952438;0;200;5;50;instances/DSJC500.5.col;1;0;500;62624
168;5955482;0;200;5;50;instances/DSJC500.5.col;1;0;500;62624
165;7485915;0;200;5;70;instances/DSJC500.5.col;1;0;500;62624
164;7500802;0;200;5;70;instances/DSJC500.5.col;1;0;500;62624
169;7531491;0;200;5;70;instances/DSJC500.5.col;1;0;500;62624
160;7513443;0;200;5;70;instances/DSJC500.5.col;1;0;500;62624
164;7525489;0;200;5;70;instances/DSJC500.5.col;1;0;500;62624
163;7520452;0;200;5;70;instances/DSJC500.5.col;1;0;500;62624
168;7551246;0;200;5;70;instances/DSJC500.5.col;1;0;500;62624
165;7533804;0;200;5;70;instances/DSJC500.5.col;1;0;500;62624
158;8855462;15;200;5;70;instances/DSJC500.5.col;1;0;500;62624
168;7584460;0;200;5;70;instances/DSJC500.5.col;1;0;500;62624
162;8327843;0;200;5;80;instances/DSJC500.5.col;1;0;500;62624
162;8338837;0;200;5;80;instances/DSJC500.5.col;1;0;500;62624
169;8331847;0;200;5;80;instances/DSJC500.5.col;1;0;500;62624
161;8896688;5;200;5;80;instances/DSJC500.5.col;1;0;500;62624
161;8462875;0;200;5;80;instances/DSJC500.5.col;1;0;500;62624
160;8270035;0;200;5;80;instances/DSJC500.5.col;1;0;500;62624
163;8358845;0;200;5;80;instances/DSJC500.5.col;1;0;500;62624
161;8377213;0;200;5;80;instances/DSJC500.5.col;1;0;500;62624
163;8367524;0;200;5;80;instances/DSJC500.5.col;1;0;500;62624
156;8448706;0;200;5;80;instances/DSJC500.5.col;1;0;500;62624
162;3424581;0;200;10;20;instances/DSJC500.5.col;1;0;500;62624
161;3428487;0;200;10;20;instances/DSJC500.5.col;1;0;500;62624
167;3394964;0;200;10;20;instances/DSJC500.5.col;1;0;500;62624
162;3410718;0;200;10;20;instances/DSJC500.5.col;1;0;500;62624
164;3462407;0;200;10;20;instances/DSJC500.5.col;1;0;500;62624
161;3429382;0;200;10;20;instances/DSJC500.5.col;1;0;500;62624
165;3423208;0;200;10;20;instances/DSJC500.5.col;1;0;500;62624
161;3427304;0;200;10;20;instances/DSJC500.5.col;1;0;500;62624
164;3406025;0;200;10;20;instances/DSJC500.5.col;1;0;500;62624
161;3435108;0;200;10;20;instances/DSJC500.5.col;1;0;500;62624
164;5850336;0;200;10;50;instances/DSJC500.5.col;1;0;500;62624
158;5842074;0;200;10;50;instances/DSJC500.5.col;1;0;500;62624
158;5771494;0;200;10;50;instances/DSJC500.5.col;1;0;500;62624
165;7502031;21;200;10;50;instances/DSJC500.5.col;1;0;500;62624
161;5811673;0;200;10;50;instances/DSJC500.5.col;1;0;500;62624
167;5713863;0;200;10;50;instances/DSJC500.5.col;1;0;500;62624
160;5748940;0;200;10;50;instances/DSJC500.5.col;1;0;500;62624
158;5880749;0;200;10;50;instances/DSJC500.5.col;1;0;500;62624
166;5814629;0;200;10;50;instances/DSJC500.5.col;1;0;500;62624
166;5867555;0;200;10;50;instances/DSJC500.5.col;1;0;500;62624
162;7428749;0;200;10;70;instances/DSJC500.5.col;1;0;500;62624
165;7450891;0;200;10;70;instances/DSJC500.5.col;1;0;500;62624
162;7421898;0;200;10;70;instances/DSJC500.5.col;1;0;500;62624
161;7452927;0;200;10;70;instances/DSJC500.5.col;1;0;500;62624
165;7445098;0;200;10;70;instances/DSJC500.5.col;1;0;500;62624
167;7461114;0;200;10;70;instances/DSJC500.5.col;1;0;500;62624
162;7425784;0;200;10;70;instances/DSJC500.5.col;1;0;500;62624
161;7413299;0;200;10;70;instances/DSJC500.5.col;1;0;500;62624
164;7399588;0;200;10;70;instances/DSJC500.5.col;1;0;500;62624
161;7402548;0;200;10;70;instances/DSJC500.5.col;1;0;500;62624
164;8298176;0;200;10;80;instances/DSJC500.5.col;1;0;500;62624
166;8252850;0;200;10;80;instances/DSJC500.5.col;1;0;500;62624
164;8226814;0;200;10;80;instances/DSJC500.5.col;1;0;500;62624
165;8179690;0;200;10;80;instances/DSJC500.5.col;1;0;500;62624
165;8283609;0;200;10;80;instances/DSJC500.5.col;1;0;500;62624
166;8224453;0;200;10;80;instances/DSJC500.5.col;1;0;500;62624
163;8340406;0;200;10;80;instances/DSJC500.5.col;1;0;500;62624
164;8284295;0;200;10;80;instances/DSJC500.5.col;1;0;500;62624
162;8258748;0;200;10;80;instances/DSJC500.5.col;1;0;500;62624
163;8308457;0;200;10;80;instances/DSJC500.5.col;1;0;500;62624
160;3216807;0;200;25;20;instances/DSJC500.5.col;1;0;500;62624
159;3301330;0;200;25;20;instances/DSJC500.5.col;1;0;500;62624
165;3247536;0;200;25;20;instances/DSJC500.5.col;1;0;500;62624
162;3269297;0;200;25;20;instances/DSJC500.5.col;1;0;500;62624
163;3265975;0;200;25;20;instances/DSJC500.5.col;1;0;500;62624
165;3305915;0;200;25;20;instances/DSJC500.5.col;1;0;500;62624
166;3245915;0;200;25;20;instances/DSJC500.5.col;1;0;500;62624
158;3268749;0;200;25;20;instances/DSJC500.5.col;1;0;500;62624
163;3275973;0;200;25;20;instances/DSJC500.5.col;1;0;500;62624
156;3258921;0;200;25;20;instances/DSJC500.5.col;1;0;500;62624
162;5555209;0;200;25;50;instances/DSJC500.5.col;1;0;500;62624
163;5556515;0;200;25;50;instances/DSJC500.5.col;1;0;500;62624
170;5556012;0;200;25;50;instances/DSJC500.5.col;1;0;500;62624
164;5571060;0;200;25;50;instances/DSJC500.5.col;1;0;500;62624
164;5493495;0;200;25;50;instances/DSJC500.5.col;1;0;500;62624
166;5561430;0;200;25;50;instances/DSJC500.5.col;1;0;500;62624
165;5568604;0;200;25;50;instances/DSJC500.5.col;1;0;500;62624
163;5479905;0;200;25;50;instances/DSJC500.5.col;1;0;500;62624
170;5604409;0;200;25;50;instances/DSJC500.5.col;1;0;500;62624
164;5528244;0;200;25;50;instances/DSJC500.5.col;1;0;500;62624
165;7116219;0;200;25;70;instances/DSJC500.5.col;1;0;500;62624
160;7059504;0;200;25;70;instances/DSJC500.5.col;1;0;500;62624
168;7067947;0;200;25;70;instances/DSJC500.5.col;1;0;500;62624
163;7118397;0;200;25;70;instances/DSJC500.5.col;1;0;500;62624
158;10333980;40;200;25;70;instances/DSJC500.5.col;1;0;500;62624
166;7108586;0;200;25;70;instances/DSJC500.5.col;1;0;500;62624
166;7124732;0;200;25;70;instances/DSJC500.5.col;1;0;500;62624
167;7141115;0;200;25;70;instances/DSJC500.5.col;1;0;500;62624
165;7036748;0;200;25;70;instances/DSJC500.5.col;1;0;500;62624
168;7093213;0;200;25;70;instances/DSJC500.5.col;1;0;500;62624
167;8098160;0;200;25;80;instances/DSJC500.5.col;1;0;500;62624
164;8506310;0;200;25;80;instances/DSJC500.5.col;1;0;500;62624
163;8073487;0;200;25;80;instances/DSJC500.5.col;1;0;500;62624
165;7954716;0;200;25;80;instances/DSJC500.5.col;1;0;500;62624
165;7984768;0;200;25;80;instances/DSJC500.5.col;1;0;500;62624
167;8007133;0;200;25;80;instances/DSJC500.5.col;1;0;500;62624
168;7997303;0;200;25;80;instances/DSJC500.5.col;1;0;500;62624
165;8002505;0;200;25;80;instances/DSJC500.5.col;1;0;500;62624
160;8004855;0;200;25;80;instances/DSJC500.5.col;1;0;500;62624
165;7922161;0;200;25;80;instances/DSJC500.5.col;1;0;500;62624
168;3296942;0;200;50;20;instances/DSJC500.5.col;1;0;500;62624
164;3275993;0;200;50;20;instances/DSJC500.5.col;1;0;500;62624
159;3246014;0;200;50;20;instances/DSJC500.5.col;1;0;500;62624
159;3303245;0;200;50;20;instances/DSJC500.5.col;1;0;500;62624
165;3283229;0;200;50;20;instances/DSJC500.5.col;1;0;500;62624
161;3295124;0;200;50;20;instances/DSJC500.5.col;1;0;500;62624
164;3319438;0;200;50;20;instances/DSJC500.5.col;1;0;500;62624
165;3299332;0;200;50;20;instances/DSJC500.5.col;1;0;500;62624
166;3308995;0;200;50;20;instances/DSJC500.5.col;1;0;500;62624
164;3289953;0;200;50;20;instances/DSJC500.5.col;1;0;500;62624
165;5222345;0;200;50;50;instances/DSJC500.5.col;1;0;500;62624
160;5213555;0;200;50;50;instances/DSJC500.5.col;1;0;500;62624
161;5280313;0;200;50;50;instances/DSJC500.5.col;1;0;500;62624
162;5216414;0;200;50;50;instances/DSJC500.5.col;1;0;500;62624
157;5232059;0;200;50;50;instances/DSJC500.5.col;1;0;500;62624
161;5206037;0;200;50;50;instances/DSJC500.5.col;1;0;500;62624
159;5240082;0;200;50;50;instances/DSJC500.5.col;1;0;500;62624
160;5223184;0;200;50;50;instances/DSJC500.5.col;1;0;500;62624
163;5219787;0;200;50;50;instances/DSJC500.5.col;1;0;500;62624
162;5317903;0;200;50;50;instances/DSJC500.5.col;1;0;500;62624
162;6666230;0;200;50;70;instances/DSJC500.5.col;1;0;500;62624
163;6600096;0;200;50;70;instances/DSJC500.5.col;1;0;500;62624
160;6618897;0;200;50;70;instances/DSJC500.5.col;1;0;500;62624
163;6653205;0;200;50;70;instances/DSJC500.5.col;1;0;500;62624
162;6733829;0;200;50;70;instances/DSJC500.5.col;1;0;500;62624
165;6683145;0;200;50;70;instances/DSJC500.5.col;1;0;500;62624
162;6610318;0;200;50;70;instances/DSJC500.5.col;1;0;500;62624
165;6682865;0;200;50;70;instances/DSJC500.5.col;1;0;500;62624
163;6647874;0;200;50;70;instances/DSJC500.5.col;1;0;500;62624
160;6672517;0;200;50;70;instances/DSJC500.5.col;1;0;500;62624
164;7327631;0;200;50;80;instances/DSJC500.5.col;1;0;500;62624
164;7278844;0;200;50;80;instances/DSJC500.5.col;1;0;500;62624
159;7309790;0;200;50;80;instances/DSJC500.5.col;1;0;500;62624
166;7334384;0;200;50;80;instances/DSJC500.5.col;1;0;500;62624
160;7311065;0;200;50;80;instances/DSJC500.5.col;1;0;500;62624
159;7251038;0;200;50;80;instances/DSJC500.5.col;1;0;500;62624
166;7306413;0;200;50;80;instances/DSJC500.5.col;1;0;500;62624
165;7415924;0;200;50;80;instances/DSJC500.5.col;1;0;500;62624
163;7324850;0;200;50;80;instances/DSJC500.5.col;1;0;500;62624
168;7344754;0;200;50;80;instances/DSJC500.5.col;1;0;500;62624
157;5294535;0;300;5;20;instances/DSJC500.5.col;1;0;500;62624
164;5268552;0;300;5;20;instances/DSJC500.5.col;1;0;500;62624
157;5316237;0;300;5;20;instances/DSJC500.5.col;1;0;500;62624
161;5227113;0;300;5;20;instances/DSJC500.5.col;1;0;500;62624
163;6704118;11;300;5;20;instances/DSJC500.5.col;1;0;500;62624
166;5300567;0;300;5;20;instances/DSJC500.5.col;1;0;500;62624
159;5266552;0;300;5;20;instances/DSJC500.5.col;1;0;500;62624
162;5217840;0;300;5;20;instances/DSJC500.5.col;1;0;500;62624
162;5241844;0;300;5;20;instances/DSJC500.5.col;1;0;500;62624
158;5273711;0;300;5;20;instances/DSJC500.5.col;1;0;500;62624
163;8936125;0;300;5;50;instances/DSJC500.5.col;1;0;500;62624
160;8985270;0;300;5;50;instances/DSJC500.5.col;1;0;500;62624
166;8974448;0;300;5;50;instances/DSJC500.5.col;1;0;500;62624
163;8889693;0;300;5;50;instances/DSJC500.5.col;1;0;500;62624
162;8892817;0;300;5;50;instances/DSJC500.5.col;1;0;500;62624
164;8921505;0;300;5;50;instances/DSJC500.5.col;1;0;500;62624
161;8964744;0;300;5;50;instances/DSJC500.5.col;1;0;500;62624
162;8923350;0;300;5;50;instances/DSJC500.5.col;1;0;500;62624
158;8912927;0;300;5;50;instances/DSJC500.5.col;1;0;500;62624
164;8936772;0;300;5;50;instances/DSJC500.5.col;1;0;500;62624
166;11239849;0;300;5;70;instances/DSJC500.5.col;1;0;500;62624
163;11307917;0;300;5;70;instances/DSJC500.5.col;1;0;500;62624
153;11325111;0;300;5;70;instances/DSJC500.5.col;1;0;500;62624
163;11233162;0;300;5;70;instances/DSJC500.5.col;1;0;500;62624
168;11308736;0;300;5;70;instances/DSJC500.5.col;1;0;500;62624
159;11230902;0;300;5;70;instances/DSJC500.5.col;1;0;500;62624
163;11303048;0;300;5;70;instances/DSJC500.5.col;1;0;500;62624
162;11281262;0;300;5;70;instances/DSJC500.5.col;1;0;500;62624
165;11392825;0;300;5;70;instances/DSJC500.5.col;1;0;500;62624
160;11389655;0;300;5;70;instances/DSJC500.5.col;1;0;500;62624
165;12688887;0;300;5;80;instances/DSJC500.5.col;1;0;500;62624
164;12588165;0;300;5;80;instances/DSJC500.5.col;1;0;500;62624
165;12577349;0;300;5;80;instances/DSJC500.5.col;1;0;500;62624
161;12554662;0;300;5;80;instances/DSJC500.5.col;1;0;500;62624
158;12580679;0;300;5;80;instances/DSJC500.5.col;1;0;500;62624
165;12510951;0;300;5;80;instances/DSJC500.5.col;1;0;500;62624
161;13263624;7;300;5;80;instances/DSJC500.5.col;1;0;500;62624
162;12363898;0;300;5;80;instances/DSJC500.5.col;1;0;500;62624
169;12485387;0;300;5;80;instances/DSJC500.5.col;1;0;500;62624
164;12484164;0;300;5;80;instances/DSJC500.5.col;1;0;500;62624
162;5153169;0;300;10;20;instances/DSJC500.5.col;1;0;500;62624
163;5110397;0;300;10;20;instances/DSJC500.5.col;1;0;500;62624
166;5172642;0;300;10;20;instances/DSJC500.5.col;1;0;500;62624
164;5123596;0;300;10;20;instances/DSJC500.5.col;1;0;500;62624
167;5125226;0;300;10;20;instances/DSJC500.5.col;1;0;500;62624
165;5151593;0;300;10;20;instances/DSJC500.5.col;1;0;500;62624
153;5102537;0;300;10;20;instances/DSJC500.5.col;1;0;500;62624
166;5119022;0;300;10;20;instances/DSJC500.5.col;1;0;500;62624
163;5136675;0;300;10;20;instances/DSJC500.5.col;1;0;500;62624
163;5126176;0;300;10;20;instances/DSJC500.5.col;1;0;500;62624
162;8694424;0;300;10;50;instances/DSJC500.5.col;1;0;500;62624
157;8801408;0;300;10;50;instances/DSJC500.5.col;1;0;500;62624
158;8828954;0;300;10;50;instances/DSJC500.5.col;1;0;500;62624
160;8833375;0;300;10;50;instances/DSJC500.5.col;1;0;500;62624
158;8837759;0;300;10;50;instances/DSJC500.5.col;1;0;500;62624
161;11131429;18;300;10;50;instances/DSJC500.5.col;1;0;500;62624
162;8880421;0;300;10;50;instances/DSJC500.5.col;1;0;500;62624
153;8790935;0;300;10;50;instances/DSJC500.5.col;1;0;500;62624
162;8897517;0;300;10;50;instances/DSJC500.5.col;1;0;500;62624
164;8853619;0;300;10;50;instances/DSJC500.5.col;1;0;500;62624
166;11229913;0;300;10;70;instances/DSJC500.5.col;1;0;500;62624
160;11246511;0;300;10;70;instances/DSJC500.5.col;1;0;500;62624
151;11189901;0;300;10;70;instances/DSJC500.5.col;1;0;500;62624
163;11222998;0;300;10;70;instances/DSJC500.5.col;1;0;500;62624
160;11222717;0;300;10;70;instances/DSJC500.5.col;1;0;500;62624
163;11187457;0;300;10;70;instances/DSJC500.5.col;1;0;500;62624
160;11289088;0;300;10;70;instances/DSJC500.5.col;1;0;500;62624
160;11650850;0;300;10;70;instances/DSJC500.5.col;1;0;500;62624
163;11172257;0;300;10;70;instances/DSJC500.5.col;1;0;500;62624
167;11229812;0;300;10;70;instances/DSJC500.5.col;1;0;500;62624
162;12445829;0;300;10;80;instances/DSJC500.5.col;1;0;500;62624
161;12443730;0;300;10;80;instances/DSJC500.5.col;1;0;500;62624
164;12389189;0;300;10;80;instances/DSJC500.5.col;1;0;500;62624
165;12323311;0;300;10;80;instances/DSJC500.5.col;1;0;500;62624
162;12461655;0;300;10;80;instances/DSJC500.5.col;1;0;500;62624
165;12486399;0;300;10;80;instances/DSJC500.5.col;1;0;500;62624
160;12445697;0;300;10;80;instances/DSJC500.5.col;1;0;500;62624
166;12408332;0;300;10;80;instances/DSJC500.5.col;1;0;500;62624
165;12407543;0;300;10;80;instances/DSJC500.5.col;1;0;500;62624
167;12357334;0;300;10;80;instances/DSJC500.5.col;1;0;500;62624
163;4933877;0;300;25;20;instances/DSJC500.5.col;1;0;500;62624
164;4895631;0;300;25;20;instances/DSJC500.5.col;1;0;500;62624
162;4898186;0;300;25;20;instances/DSJC500.5.col;1;0;500;62624
158;4950636;0;300;25;20;instances/DSJC500.5.col;1;0;500;62624
166;4911769;0;300;25;20;instances/DSJC500.5.col;1;0;500;62624
164;4925157;0;300;25;20;instances/DSJC500.5.col;1;0;500;62624
157;4912577;0;300;25;20;instances/DSJC500.5.col;1;0;500;62624
167;4900520;0;300;25;20;instances/DSJC500.5.col;1;0;500;62624
160;4883508;0;300;25;20;instances/DSJC500.5.col;1;0;500;62624
164;4898205;0;300;25;20;instances/DSJC500.5.col;1;0;500;62624
158;8386652;0;300;25;50;instances/DSJC500.5.col;1;0;500;62624
159;8431171;0;300;25;50;instances/DSJC500.5.col;1;0;500;62624
162;8359699;0;300;25;50;instances/DSJC500.5.col;1;0;500;62624
159;8387541;0;300;25;50;instances/DSJC500.5.col;1;0;500;62624
163;8386250;0;300;25;50;instances/DSJC500.5.col;1;0;500;62624
163;8277512;0;300;25;50;instances/DSJC500.5.col;1;0;500;62624
164;8430344;0;300;25;50;instances/DSJC500.5.col;1;0;500;62624
152;8382455;0;300;25;50;instances/DSJC500.5.col;1;0;500;62624
165;12974985;37;300;25;50;instances/DSJC500.5.col;1;0;500;62624
161;8276611;0;300;25;50;instances/DSJC500.5.col;1;0;500;62624
161;10830127;0;300;25;70;instances/DSJC500.5.col;1;0;500;62624
161;10691166;0;300;25;70;instances/DSJC500.5.col;1;0;500;62624
156;10769878;0;300;25;70;instances/DSJC500.5.col;1;0;500;62624
161;10763209;0;300;25;70;instances/DSJC500.5.col;1;0;500;62624
160;10793392;0;300;25;70;instances/DSJC500.5.col;1;0;500;62624
159;10877567;0;300;25;70;instances/DSJC500.5.col;1;0;500;62624
163;10736685;0;300;25;70;instances/DSJC500.5.col;1;0;500;62624
165;10826542;0;300;25;70;instances/DSJC500.5.col;1;0;500;62624
160;10793556;0;300;25;70;instances/DSJC500.5.col;1;0;500;62624
163;10801380;0;300;25;70;instances/DSJC500.5.col;1;0;500;62624
158;12022333;0;300;25;80;instances/DSJC500.5.col;1;0;500;62624
164;12105974;0;300;25;80;instances/DSJC500.5.col;1;0;500;62624
154;11871219;0;300;25;80;instances/DSJC500.5.col;1;0;500;62624
163;12029359;0;300;25;80;instances/DSJC500.5.col;1;0;500;62624
166;12069688;0;300;25;80;instances/DSJC500.5.col;1;0;500;62624
165;12061040;0;300;25;80;instances/DSJC500.5.col;1;0;500;62624
164;12019136;0;300;25;80;instances/DSJC500.5.col;1;0;500;62624
163;11852317;0;300;25;80;instances/DSJC500.5.col;1;0;500;62624
165;11883692;0;300;25;80;instances/DSJC500.5.col;1;0;500;62624
162;11816549;0;300;25;80;instances/DSJC500.5.col;1;0;500;62624
158;4908965;0;300;50;20;instances/DSJC500.5.col;1;0;500;62624
161;4876401;0;300;50;20;instances/DSJC500.5.col;1;0;500;62624
166;4874993;0;300;50;20;instances/DSJC500.5.col;1;0;500;62624
166;4899975;0;300;50;20;instances/DSJC500.5.col;1;0;500;62624
161;4912810;0;300;50;20;instances/DSJC500.5.col;1;0;500;62624
163;4896308;0;300;50;20;instances/DSJC500.5.col;1;0;500;62624
165;4864499;0;300;50;20;instances/DSJC500.5.col;1;0;500;62624
163;4823563;0;300;50;20;instances/DSJC500.5.col;1;0;500;62624
162;4913624;0;300;50;20;instances/DSJC500.5.col;1;0;500;62624
161;4898711;0;300;50;20;instances/DSJC500.5.col;1;0;500;62624
165;7948449;0;300;50;50;instances/DSJC500.5.col;1;0;500;62624
160;7920776;0;300;50;50;instances/DSJC500.5.col;1;0;500;62624
162;7847251;0;300;50;50;instances/DSJC500.5.col;1;0;500;62624
166;7871693;0;300;50;50;instances/DSJC500.5.col;1;0;500;62624
158;7832299;0;300;50;50;instances/DSJC500.5.col;1;0;500;62624
160;7822687;0;300;50;50;instances/DSJC500.5.col;1;0;500;62624
159;7826077;0;300;50;50;instances/DSJC500.5.col;1;0;500;62624
159;7865861;0;300;50;50;instances/DSJC500.5.col;1;0;500;62624
156;7815685;0;300;50;50;instances/DSJC500.5.col;1;0;500;62624
162;7870573;0;300;50;50;instances/DSJC500.5.col;1;0;500;62624
158;10006417;0;300;50;70;instances/DSJC500.5.col;1;0;500;62624
166;9984678;0;300;50;70;instances/DSJC500.5.col;1;0;500;62624
164;9960651;0;300;50;70;instances/DSJC500.5.col;1;0;500;62624
160;9960505;0;300;50;70;instances/DSJC500.5.col;1;0;500;62624
161;9964283;0;300;50;70;instances/DSJC500.5.col;1;0;500;62624
157;10189209;1;300;50;70;instances/DSJC500.5.col;1;0;500;62624
164;9968943;0;300;50;70;instances/DSJC500.5.col;1;0;500;62624
162;10018117;0;300;50;70;instances/DSJC500.5.col;1;0;500;62624
161;9951018;0;300;50;70;instances/DSJC500.5.col;1;0;500;62624
158;19520104;82;300;50;70;instances/DSJC500.5.col;1;0;500;62624
162;10921440;0;300;50;80;instances/DSJC500.5.col;1;0;500;62624
157;10920660;0;300;50;80;instances/DSJC500.5.col;1;0;500;62624
163;10941640;0;300;50;80;instances/DSJC500.5.col;1;0;500;62624
164;10831597;0;300;50;80;instances/DSJC500.5.col;1;0;500;62624
165;11040888;0;300;50;80;instances/DSJC500.5.col;1;0;500;62624
161;11041539;0;300;50;80;instances/DSJC500.5.col;1;0;500;62624
163;11019968;0;300;50;80;instances/DSJC500.5.col;1;0;500;62624
166;11011066;0;300;50;80;instances/DSJC500.5.col;1;0;500;62624
164;11012598;0;300;50;80;instances/DSJC500.5.col;1;0;500;62624
156;10946336;0;300;50;80;instances/DSJC500.5.col;1;0;500;62624
158;7015133;0;400;5;20;instances/DSJC500.5.col;1;0;500;62624
162;6993275;0;400;5;20;instances/DSJC500.5.col;1;0;500;62624
162;6924421;0;400;5;20;instances/DSJC500.5.col;1;0;500;62624
160;7032924;0;400;5;20;instances/DSJC500.5.col;1;0;500;62624
161;7451203;0;400;5;20;instances/DSJC500.5.col;1;0;500;62624
160;7209687;0;400;5;20;instances/DSJC500.5.col;1;0;500;62624
163;7143885;0;400;5;20;instances/DSJC500.5.col;1;0;500;62624
164;7152868;0;400;5;20;instances/DSJC500.5.col;1;0;500;62624
161;7091894;0;400;5;20;instances/DSJC500.5.col;1;0;500;62624
160;7070554;0;400;5;20;instances/DSJC500.5.col;1;0;500;62624
164;12031271;0;400;5;50;instances/DSJC500.5.col;1;0;500;62624
160;11889743;0;400;5;50;instances/DSJC500.5.col;1;0;500;62624
164;11938641;0;400;5;50;instances/DSJC500.5.col;1;0;500;62624
156;11842696;0;400;5;50;instances/DSJC500.5.col;1;0;500;62624
159;11856350;0;400;5;50;instances/DSJC500.5.col;1;0;500;62624
161;11858538;0;400;5;50;instances/DSJC500.5.col;1;0;500;62624
163;11785479;0;400;5;50;instances/DSJC500.5.col;1;0;500;62624
159;11858510;0;400;5;50;instances/DSJC500.5.col;1;0;500;62624
165;11868881;0;400;5;50;instances/DSJC500.5.col;1;0;500;62624
159;11917995;0;400;5;50;instances/DSJC500.5.col;1;0;500;62624
160;15006184;0;400;5;70;instances/DSJC500.5.col;1;0;500;62624
161;15119162;0;400;5;70;instances/DSJC500.5.col;1;0;500;62624
164;15105038;0;400;5;70;instances/DSJC500.5.col;1;0;500;62624
161;18509186;20;400;5;70;instances/DSJC500.5.col;1;0;500;62624
161;15107747;0;400;5;70;instances/DSJC500.5.col;1;0;500;62624
163;15031120;0;400;5;70;instances/DSJC500.5.col;1;0;500;62624
159;15031625;0;400;5;70;instances/DSJC500.5.col;1;0;500;62624
162;15100434;0;400;5;70;instances/DSJC500.5.col;1;0;500;62624
152;15080982;0;400;5;70;instances/DSJC500.5.col;1;0;500;62624
157;15104637;0;400;5;70;instances/DSJC500.5.col;1;0;500;62624
157;16727951;0;400;5;80;instances/DSJC500.5.col;1;0;500;62624
165;17082382;2;400;5;80;instances/DSJC500.5.col;1;0;500;62624
163;16664087;0;400;5;80;instances/DSJC500.5.col;1;0;500;62624
160;16560456;0;400;5;80;instances/DSJC500.5.col;1;0;500;62624
163;16722514;0;400;5;80;instances/DSJC500.5.col;1;0;500;62624
157;16853208;0;400;5;80;instances/DSJC500.5.col;1;0;500;62624
163;16779230;0;400;5;80;instances/DSJC500.5.col;1;0;500;62624
165;16819559;0;400;5;80;instances/DSJC500.5.col;1;0;500;62624
164;16802445;0;400;5;80;instances/DSJC500.5.col;1;0;500;62624
164;16701093;0;400;5;80;instances/DSJC500.5.col;1;0;500;62624
161;6814405;0;400;10;20;instances/DSJC500.5.col;1;0;500;62624
158;6904721;0;400;10;20;instances/DSJC500.5.col;1;0;500;62624
164;6921975;0;400;10;20;instances/DSJC500.5.col;1;0;500;62624
156;6879040;0;400;10;20;instances/DSJC500.5.col;1;0;500;62624
162;6840954;0;400;10;20;instances/DSJC500.5.col;1;0;500;62624
154;6848504;0;400;10;20;instances/DSJC500.5.col;1;0;500;62624
160;6860412;0;400;10;20;instances/DSJC500.5.col;1;0;500;62624
156;6849377;0;400;10;20;instances/DSJC500.5.col;1;0;500;62624
163;6843922;0;400;10;20;instances/DSJC500.5.col;1;0;500;62624
163;6822723;0;400;10;20;instances/DSJC500.5.col;1;0;500;62624
161;11695902;0;400;10;50;instances/DSJC500.5.col;1;0;500;62624
161;11749404;0;400;10;50;instances/DSJC500.5.col;1;0;500;62624
160;11724791;0;400;10;50;instances/DSJC500.5.col;1;0;500;62624
164;11807507;0;400;10;50;instances/DSJC500.5.col;1;0;500;62624
164;11719577;0;400;10;50;instances/DSJC500.5.col;1;0;500;62624
164;11704917;0;400;10;50;instances/DSJC500.5.col;1;0;500;62624
162;11785198;0;400;10;50;instances/DSJC500.5.col;1;0;500;62624
157;11636734;0;400;10;50;instances/DSJC500.5.col;1;0;500;62624
162;11648111;0;400;10;50;instances/DSJC500.5.col;1;0;500;62624
164;11625617;0;400;10;50;instances/DSJC500.5.col;1;0;500;62624
159;14936251;0;400;10;70;instances/DSJC500.5.col;1;0;500;62624
162;14902009;0;400;10;70;instances/DSJC500.5.col;1;0;500;62624
159;14862747;0;400;10;70;instances/DSJC500.5.col;1;0;500;62624
156;14876956;0;400;10;70;instances/DSJC500.5.col;1;0;500;62624
157;14729866;0;400;10;70;instances/DSJC500.5.col;1;0;500;62624
162;14925487;0;400;10;70;instances/DSJC500.5.col;1;0;500;62624
165;14810543;0;400;10;70;instances/DSJC500.5.col;1;0;500;62624
163;14766470;0;400;10;70;instances/DSJC500.5.col;1;0;500;62624
158;14878728;0;400;10;70;instances/DSJC500.5.col;1;0;500;62624
161;14921420;0;400;10;70;instances/DSJC500.5.col;1;0;500;62624
163;16366940;0;400;10;80;instances/DSJC500.5.col;1;0;500;62624
164;16471724;0;400;10;80;instances/DSJC500.5.col;1;0;500;62624
164;16492691;0;400;10;80;instances/DSJC500.5.col;1;0;500;62624
164;16622219;0;400;10;80;instances/DSJC500.5.col;1;0;500;62624
166;16520220;0;400;10;80;instances/DSJC500.5.col;1;0;500;62624
163;17066876;0;400;10;80;instances/DSJC500.5.col;1;0;500;62624
158;16711013;0;400;10;80;instances/DSJC500.5.col;1;0;500;62624
162;16616113;0;400;10;80;instances/DSJC500.5.col;1;0;500;62624
164;16662524;0;400;10;80;instances/DSJC500.5.col;1;0;500;62624
157;21472802;29;400;10;80;instances/DSJC500.5.col;1;0;500;62624
167;6514575;0;400;25;20;instances/DSJC500.5.col;1;0;500;62624
162;6458778;0;400;25;20;instances/DSJC500.5.col;1;0;500;62624
157;6508434;0;400;25;20;instances/DSJC500.5.col;1;0;500;62624
160;6540764;0;400;25;20;instances/DSJC500.5.col;1;0;500;62624
164;6463517;0;400;25;20;instances/DSJC500.5.col;1;0;500;62624
162;6523290;0;400;25;20;instances/DSJC500.5.col;1;0;500;62624
163;6545998;0;400;25;20;instances/DSJC500.5.col;1;0;500;62624
164;6566910;0;400;25;20;instances/DSJC500.5.col;1;0;500;62624
163;6466998;0;400;25;20;instances/DSJC500.5.col;1;0;500;62624
162;6488548;0;400;25;20;instances/DSJC500.5.col;1;0;500;62624
159;11308301;0;400;25;50;instances/DSJC500.5.col;1;0;500;62624
162;11288440;0;400;25;50;instances/DSJC500.5.col;1;0;500;62624
165;11293236;0;400;25;50;instances/DSJC500.5.col;1;0;500;62624
162;11329417;0;400;25;50;instances/DSJC500.5.col;1;0;500;62624
161;11268339;0;400;25;50;instances/DSJC500.5.col;1;0;500;62624
156;11337524;0;400;25;50;instances/DSJC500.5.col;1;0;500;62624
155;11314915;0;400;25;50;instances/DSJC500.5.col;1;0;500;62624
162;11394037;0;400;25;50;instances/DSJC500.5.col;1;0;500;62624
160;11347939;0;400;25;50;instances/DSJC500.5.col;1;0;500;62624
163;11320663;0;400;25;50;instances/DSJC500.5.col;1;0;500;62624
161;14456364;0;400;25;70;instances/DSJC500.5.col;1;0;500;62624
163;14550174;0;400;25;70;instances/DSJC500.5.col;1;0;500;62624
161;14566038;0;400;25;70;instances/DSJC500.5.col;1;0;500;62624
157;14614566;0;400;25;70;instances/DSJC500.5.col;1;0;500;62624
163;14485468;0;400;25;70;instances/DSJC500.5.col;1;0;500;62624
165;14594208;0;400;25;70;instances/DSJC500.5.col;1;0;500;62624
159;14526710;0;400;25;70;instances/DSJC500.5.col;1;0;500;62624
163;14562872;0;400;25;70;instances/DSJC500.5.col;1;0;500;62624
161;14471034;0;400;25;70;instances/DSJC500.5.col;1;0;500;62624
157;14468446;0;400;25;70;instances/DSJC500.5.col;1;0;500;62624
161;16250176;0;400;25;80;instances/DSJC500.5.col;1;0;500;62624
161;16079082;0;400;25;80;instances/DSJC500.5.col;1;0;500;62624
161;16199364;0;400;25;80;instances/DSJC500.5.col;1;0;500;62624
164;16204121;0;400;25;80;instances/DSJC500.5.col;1;0;500;62624
155;16205803;0;400;25;80;instances/DSJC500.5.col;1;0;500;62624
163;16092267;0;400;25;80;instances/DSJC500.5.col;1;0;500;62624
162;16151392;0;400;25;80;instances/DSJC500.5.col;1;0;500;62624
162;16111349;0;400;25;80;instances/DSJC500.5.col;1;0;500;62624
163;16143839;0;400;25;80;instances/DSJC500.5.col;1;0;500;62624
157;16157870;0;400;25;80;instances/DSJC500.5.col;1;0;500;62624
160;6535214;0;400;50;20;instances/DSJC500.5.col;1;0;500;62624
164;6562604;0;400;50;20;instances/DSJC500.5.col;1;0;500;62624
160;6530867;0;400;50;20;instances/DSJC500.5.col;1;0;500;62624
165;6513739;0;400;50;20;instances/DSJC500.5.col;1;0;500;62624
160;6561635;0;400;50;20;instances/DSJC500.5.col;1;0;500;62624
161;6558264;0;400;50;20;instances/DSJC500.5.col;1;0;500;62624
153;6500870;0;400;50;20;instances/DSJC500.5.col;1;0;500;62624
166;6557964;0;400;50;20;instances/DSJC500.5.col;1;0;500;62624
164;6536410;0;400;50;20;instances/DSJC500.5.col;1;0;500;62624
164;6550460;0;400;50;20;instances/DSJC500.5.col;1;0;500;62624
163;10421275;0;400;50;50;instances/DSJC500.5.col;1;0;500;62624
162;10442737;0;400;50;50;instances/DSJC500.5.col;1;0;500;62624
161;10482333;0;400;50;50;instances/DSJC500.5.col;1;0;500;62624
162;10387509;0;400;50;50;instances/DSJC500.5.col;1;0;500;62624
165;10385693;0;400;50;50;instances/DSJC500.5.col;1;0;500;62624
163;10525717;0;400;50;50;instances/DSJC500.5.col;1;0;500;62624
158;10516784;0;400;50;50;instances/DSJC500.5.col;1;0;500;62624
160;10436842;0;400;50;50;instances/DSJC500.5.col;1;0;500;62624
158;10491002;0;400;50;50;instances/DSJC500.5.col;1;0;500;62624
161;10345888;0;400;50;50;instances/DSJC500.5.col;1;0;500;62624
161;13302139;0;400;50;70;instances/DSJC500.5.col;1;0;500;62624
162;13348818;0;400;50;70;instances/DSJC500.5.col;1;0;500;62624
163;13427227;0;400;50;70;instances/DSJC500.5.col;1;0;500;62624
162;13350736;0;400;50;70;instances/DSJC500.5.col;1;0;500;62624
161;13279843;0;400;50;70;instances/DSJC500.5.col;1;0;500;62624
163;13392859;0;400;50;70;instances/DSJC500.5.col;1;0;500;62624
161;13321719;0;400;50;70;instances/DSJC500.5.col;1;0;500;62624
160;13364632;0;400;50;70;instances/DSJC500.5.col;1;0;500;62624
158;13258617;0;400;50;70;instances/DSJC500.5.col;1;0;500;62624
164;13263260;0;400;50;70;instances/DSJC500.5.col;1;0;500;62624
162;14604254;0;400;50;80;instances/DSJC500.5.col;1;0;500;62624
164;14988947;0;400;50;80;instances/DSJC500.5.col;1;0;500;62624
163;15017137;0;400;50;80;instances/DSJC500.5.col;1;0;500;62624
162;14764399;0;400;50;80;instances/DSJC500.5.col;1;0;500;62624
161;14693958;0;400;50;80;instances/DSJC500.5.col;1;0;500;62624
164;14749002;0;400;50;80;instances/DSJC500.5.col;1;0;500;62624
164;14566936;0;400;50;80;instances/DSJC500.5.col;1;0;500;62624
159;14617625;0;400;50;80;instances/DSJC500.5.col;1;0;500;62624
159;14598105;0;400;50;80;instances/DSJC500.5.col;1;0;500;62624
156;14759222;0;400;50;80;instances/DSJC500.5.col;1;0;500;62624
171;842034;0;50;5;20;instances/DSJC500.5.col;1;1;500;62624
167;851414;0;50;5;20;instances/DSJC500.5.col;1;1;500;62624
167;839175;0;50;5;20;instances/DSJC500.5.col;1;1;500;62624
169;831697;0;50;5;20;instances/DSJC500.5.col;1;1;500;62624
171;842955;0;50;5;20;instances/DSJC500.5.col;1;1;500;62624
169;846810;0;50;5;20;instances/DSJC500.5.col;1;1;500;62624
174;842050;0;50;5;20;instances/DSJC500.5.col;1;1;500;62624
166;849108;0;50;5;20;instances/DSJC500.5.col;1;1;500;62624
170;885795;1;50;5;20;instances/DSJC500.5.col;1;1;500;62624
170;899645;1;50;5;20;instances/DSJC500.5.col;1;1;500;62624
164;1386076;0;50;5;50;instances/DSJC500.5.col;1;1;500;62624
166;1346319;0;50;5;50;instances/DSJC500.5.col;1;1;500;62624
169;1454499;3;50;5;50;instances/DSJC500.5.col;1;1;500;62624
171;1380250;0;50;5;50;instances/DSJC500.5.col;1;1;500;62624
165;1384782;0;50;5;50;instances/DSJC500.5.col;1;1;500;62624
163;1363160;0;50;5;50;instances/DSJC500.5.col;1;1;500;62624
161;1391637;0;50;5;50;instances/DSJC500.5.col;1;1;500;62624
161;1388753;0;50;5;50;instances/DSJC500.5.col;1;1;500;62624
165;1420024;0;50;5;50;instances/DSJC500.5.col;1;1;500;62624
168;1396405;0;50;5;50;instances/DSJC500.5.col;1;1;500;62624
165;1960230;1;50;5;70;instances/DSJC500.5.col;1;1;500;62624
169;1952264;6;50;5;70;instances/DSJC500.5.col;1;1;500;62624
170;1766187;0;50;5;70;instances/DSJC500.5.col;1;1;500;62624
166;1803025;0;50;5;70;instances/DSJC500.5.col;1;1;500;62624
168;2122510;13;50;5;70;instances/DSJC500.5.col;1;1;500;62624
165;1802428;0;50;5;70;instances/DSJC500.5.col;1;1;500;62624
158;2491602;40;50;5;70;instances/DSJC500.5.col;1;1;500;62624
173;1762345;0;50;5;70;instances/DSJC500.5.col;1;1;500;62624
163;2045679;15;50;5;70;instances/DSJC500.5.col;1;1;500;62624
165;1765447;0;50;5;70;instances/DSJC500.5.col;1;1;500;62624
168;1935500;0;50;5;80;instances/DSJC500.5.col;1;1;500;62624
164;1945470;0;50;5;80;instances/DSJC500.5.col;1;1;500;62624
167;2006578;0;50;5;80;instances/DSJC500.5.col;1;1;500;62624
158;2276219;17;50;5;80;instances/DSJC500.5.col;1;1;500;62624
160;1986252;0;50;5;80;instances/DSJC500.5.col;1;1;500;62624
167;1960105;0;50;5;80;instances/DSJC500.5.col;1;1;500;62624
169;1978857;0;50;5;80;instances/DSJC500.5.col;1;1;500;62624
166;1953116;0;50;5;80;instances/DSJC500.5.col;1;1;500;62624
164;2080394;5;50;5;80;instances/DSJC500.5.col;1;1;500;62624
164;1965669;0;50;5;80;instances/DSJC500.5.col;1;1;500;62624
165;858022;0;50;10;20;instances/DSJC500.5.col;1;1;500;62624
171;1052592;5;50;10;20;instances/DSJC500.5.col;1;1;500;62624
164;1310860;21;50;10;20;instances/DSJC500.5.col;1;1;500;62624
166;1142683;10;50;10;20;instances/DSJC500.5.col;1;1;500;62624
166;866866;0;50;10;20;instances/DSJC500.5.col;1;1;500;62624
167;1047303;7;50;10;20;instances/DSJC500.5.col;1;1;500;62624
163;915359;0;50;10;20;instances/DSJC500.5.col;1;1;500;62624
169;901356;0;50;10;20;instances/DSJC500.5.col;1;1;500;62624
169;901156;0;50;10;20;instances/DSJC500.5.col;1;1;500;62624
168;1139364;9;50;10;20;instances/DSJC500.5.col;1;1;500;62624
165;1409026;0;50;10;50;instances/DSJC500.5.col;1;1;500;62624
169;1418417;0;50;10;50;instances/DSJC500.5.col;1;1;500;62624
166;1338771;0;50;10;50;instances/DSJC500.5.col;1;1;500;62624
170;1399915;0;50;10;50;instances/DSJC500.5.col;1;1;500;62624
169;1609080;9;50;10;50;instances/DSJC500.5.col;1;1;500;62624
164;1593325;9;50;10;50;instances/DSJC500.5.col;1;1;500;62624
163;1529650;6;50;10;50;instances/DSJC500.5.col;1;1;500;62624
169;1406037;0;50;10;50;instances/DSJC500.5.col;1;1;500;62624
164;1571116;9;50;10;50;instances/DSJC500.5.col;1;1;500;62624
166;1525173;6;50;10;50;instances/DSJC500.5.col;1;1;500;62624
167;1870697;6;50;10;70;instances/DSJC500.5.col;1;1;500;62624
167;2527837;43;50;10;70;instances/DSJC500.5.col;1;1;500;62624
167;1757272;0;50;10;70;instances/DSJC500.5.col;1;1;500;62624
170;1768232;0;50;10;70;instances/DSJC500.5.col;1;1;500;62624
166;1939468;10;50;10;70;instances/DSJC500.5.col;1;1;500;62624
171;2329776;30;50;10;70;instances/DSJC500.5.col;1;1;500;62624
162;1795998;0;50;10;70;instances/DSJC500.5.col;1;1;500;62624
168;1958411;10;50;10;70;instances/DSJC500.5.col;1;1;500;62624
169;1963131;10;50;10;70;instances/DSJC500.5.col;1;1;500;62624
162;2584721;45;50;10;70;instances/DSJC500.5.col;1;1;500;62624
169;2122563;10;50;10;80;instances/DSJC500.5.col;1;1;500;62624
165;1950656;0;50;10;80;instances/DSJC500.5.col;1;1;500;62624
169;2089119;10;50;10;80;instances/DSJC500.5.col;1;1;500;62624
170;1898788;0;50;10;80;instances/DSJC500.5.col;1;1;500;62624
165;1967618;3;50;10;80;instances/DSJC500.5.col;1;1;500;62624
167;2231134;18;50;10;80;instances/DSJC500.5.col;1;1;500;62624
166;2065230;6;50;10;80;instances/DSJC500.5.col;1;1;500;62624
161;1885122;0;50;10;80;instances/DSJC500.5.col;1;1;500;62624
161;1915965;0;50;10;80;instances/DSJC500.5.col;1;1;500;62624
168;2302617;20;50;10;80;instances/DSJC500.5.col;1;1;500;62624
166;1227622;23;50;25;20;instances/DSJC500.5.col;1;1;500;62624
169;1102464;15;50;25;20;instances/DSJC500.5.col;1;1;500;62624
167;1245010;24;50;25;20;instances/DSJC500.5.col;1;1;500;62624
154;821949;0;50;25;20;instances/DSJC500.5.col;1;1;500;62624
167;1201094;21;50;25;20;instances/DSJC500.5.col;1;1;500;62624
169;1088909;15;50;25;20;instances/DSJC500.5.col;1;1;500;62624
165;812879;0;50;25;20;instances/DSJC500.5.col;1;1;500;62624
165;870279;2;50;25;20;instances/DSJC500.5.col;1;1;500;62624
170;821469;0;50;25;20;instances/DSJC500.5.col;1;1;500;62624
165;1505169;38;50;25;20;instances/DSJC500.5.col;1;1;500;62624
167;1656565;14;50;25;50;instances/DSJC500.5.col;1;1;500;62624
163;1628831;17;50;25;50;instances/DSJC500.5.col;1;1;500;62624
163;1554614;11;50;25;50;instances/DSJC500.5.col;1;1;500;62624
165;1740368;22;50;25;50;instances/DSJC500.5.col;1;1;500;62624
168;1810485;26;50;25;50;instances/DSJC500.5.col;1;1;500;62624
165;1839651;26;50;25;50;instances/DSJC500.5.col;1;1;500;62624
165;1748315;21;50;25;50;instances/DSJC500.5.col;1;1;500;62624
165;1339050;0;50;25;50;instances/DSJC500.5.col;1;1;500;62624
163;1620044;14;50;25;50;instances/DSJC500.5.col;1;1;500;62624
162;1343271;0;50;25;50;instances/DSJC500.5.col;1;1;500;62624
165;2581209;52;50;25;70;instances/DSJC500.5.col;1;1;500;62624
166;1805043;6;50;25;70;instances/DSJC500.5.col;1;1;500;62624
166;1671334;0;50;25;70;instances/DSJC500.5.col;1;1;500;62624
169;1670337;0;50;25;70;instances/DSJC500.5.col;1;1;500;62624
166;1846538;11;50;25;70;instances/DSJC500.5.col;1;1;500;62624
165;1739077;3;50;25;70;instances/DSJC500.5.col;1;1;500;62624
171;1695968;0;50;25;70;instances/DSJC500.5.col;1;1;500;62624
162;1675689;0;50;25;70;instances/DSJC500.5.col;1;1;500;62624
161;1680615;0;50;25;70;instances/DSJC500.5.col;1;1;500;62624
153;1666847;0;50;25;70;instances/DSJC500.5.col;1;1;500;62624
161;1846763;0;50;25;80;instances/DSJC500.5.col;1;1;500;62624
164;1874801;0;50;25;80;instances/DSJC500.5.col;1;1;500;62624
166;3252790;80;50;25;80;instances/DSJC500.5.col;1;1;500;62624
159;2329796;27;50;25;80;instances/DSJC500.5.col;1;1;500;62624
158;1851949;0;50;25;80;instances/DSJC500.5.col;1;1;500;62624
164;1856601;0;50;25;80;instances/DSJC500.5.col;1;1;500;62624
167;1862682;0;50;25;80;instances/DSJC500.5.col;1;1;500;62624
160;2456040;34;50;25;80;instances/DSJC500.5.col;1;1;500;62624
167;2256950;23;50;25;80;instances/DSJC500.5.col;1;1;500;62624
158;2036911;9;50;25;80;instances/DSJC500.5.col;1;1;500;62624
162;1562848;43;50;50;20;instances/DSJC500.5.col;1;1;500;62624
171;814932;0;50;50;20;instances/DSJC500.5.col;1;1;500;62624
166;1120649;17;50;50;20;instances/DSJC500.5.col;1;1;500;62624
156;1654294;49;50;50;20;instances/DSJC500.5.col;1;1;500;62624
172;822472;0;50;50;20;instances/DSJC500.5.col;1;1;500;62624
162;1431032;35;50;50;20;instances/DSJC500.5.col;1;1;500;62624
162;1135914;19;50;50;20;instances/DSJC500.5.col;1;1;500;62624
169;1077800;15;50;50;20;instances/DSJC500.5.col;1;1;500;62624
164;832050;0;50;50;20;instances/DSJC500.5.col;1;1;500;62624
170;815483;0;50;50;20;instances/DSJC500.5.col;1;1;500;62624
156;3198771;109;50;50;50;instances/DSJC500.5.col;1;1;500;62624
155;2257733;53;50;50;50;instances/DSJC500.5.col;1;1;500;62624
158;1830131;28;50;50;50;instances/DSJC500.5.col;1;1;500;62624
162;1870143;31;50;50;50;instances/DSJC500.5.col;1;1;500;62624
161;1999104;40;50;50;50;instances/DSJC500.5.col;1;1;500;62624
157;4317859;175;50;50;50;instances/DSJC500.5.col;1;1;500;62624
164;1983767;37;50;50;50;instances/DSJC500.5.col;1;1;500;62624
166;2015711;38;50;50;50;instances/DSJC500.5.col;1;1;500;62624
156;2177757;50;50;50;50;instances/DSJC500.5.col;1;1;500;62624
167;2160140;48;50;50;50;instances/DSJC500.5.col;1;1;500;62624
160;2239919;32;50;50;70;instances/DSJC500.5.col;1;1;500;62624
161;1667389;0;50;50;70;instances/DSJC500.5.col;1;1;500;62624
160;2604360;52;50;50;70;instances/DSJC500.5.col;1;1;500;62624
155;3334655;99;50;50;70;instances/DSJC500.5.col;1;1;500;62624
164;2377073;42;50;50;70;instances/DSJC500.5.col;1;1;500;62624
161;3208126;90;50;50;70;instances/DSJC500.5.col;1;1;500;62624
154;2074405;23;50;50;70;instances/DSJC500.5.col;1;1;500;62624
166;2528359;49;50;50;70;instances/DSJC500.5.col;1;1;500;62624
166;2392601;39;50;50;70;instances/DSJC500.5.col;1;1;500;62624
166;1721056;2;50;50;70;instances/DSJC500.5.col;1;1;500;62624
158;2854036;58;50;50;80;instances/DSJC500.5.col;1;1;500;62624
166;3645985;104;50;50;80;instances/DSJC500.5.col;1;1;500;62624
164;2983830;66;50;50;80;instances/DSJC500.5.col;1;1;500;62624
160;4103192;133;50;50;80;instances/DSJC500.5.col;1;1;500;62624
157;4059432;130;50;50;80;instances/DSJC500.5.col;1;1;500;62624
162;2532584;42;50;50;80;instances/DSJC500.5.col;1;1;500;62624
166;1805805;0;50;50;80;instances/DSJC500.5.col;1;1;500;62624
154;1793176;0;50;50;80;instances/DSJC500.5.col;1;1;500;62624
162;2547269;40;50;50;80;instances/DSJC500.5.col;1;1;500;62624
165;2309823;27;50;50;80;instances/DSJC500.5.col;1;1;500;62624
169;1731184;0;100;5;20;instances/DSJC500.5.col;1;1;500;62624
163;1858029;3;100;5;20;instances/DSJC500.5.col;1;1;500;62624
166;1700461;0;100;5;20;instances/DSJC500.5.col;1;1;500;62624
169;1732234;0;100;5;20;instances/DSJC500.5.col;1;1;500;62624
168;1718953;0;100;5;20;instances/DSJC500.5.col;1;1;500;62624
165;1874964;5;100;5;20;instances/DSJC500.5.col;1;1;500;62624
162;1842749;0;100;5;20;instances/DSJC500.5.col;1;1;500;62624
165;1671059;0;100;5;20;instances/DSJC500.5.col;1;1;500;62624
159;1941260;7;100;5;20;instances/DSJC500.5.col;1;1;500;62624
164;1708098;0;100;5;20;instances/DSJC500.5.col;1;1;500;62624
166;2766850;0;100;5;50;instances/DSJC500.5.col;1;1;500;62624
166;2779023;0;100;5;50;instances/DSJC500.5.col;1;1;500;62624
160;2744442;0;100;5;50;instances/DSJC500.5.col;1;1;500;62624
167;2844446;1;100;5;50;instances/DSJC500.5.col;1;1;500;62624
165;2994192;6;100;5;50;instances/DSJC500.5.col;1;1;500;62624
166;2799868;0;100;5;50;instances/DSJC500.5.col;1;1;500;62624
162;2802110;0;100;5;50;instances/DSJC500.5.col;1;1;500;62624
166;2775558;0;100;5;50;instances/DSJC500.5.col;1;1;500;62624
160;2861110;1;100;5;50;instances/DSJC500.5.col;1;1;500;62624
169;2745956;0;100;5;50;instances/DSJC500.5.col;1;1;500;62624
162;3634863;4;100;5;70;instances/DSJC500.5.col;1;1;500;62624
159;3459943;0;100;5;70;instances/DSJC500.5.col;1;1;500;62624
161;3634054;3;100;5;70;instances/DSJC500.5.col;1;1;500;62624
164;3500115;1;100;5;70;instances/DSJC500.5.col;1;1;500;62624
161;3680615;5;100;5;70;instances/DSJC500.5.col;1;1;500;62624
166;3492066;0;100;5;70;instances/DSJC500.5.col;1;1;500;62624
162;3485406;0;100;5;70;instances/DSJC500.5.col;1;1;500;62624
165;3476525;0;100;5;70;instances/DSJC500.5.col;1;1;500;62624
163;3619117;4;100;5;70;instances/DSJC500.5.col;1;1;500;62624
163;3521869;0;100;5;70;instances/DSJC500.5.col;1;1;500;62624
159;3967850;3;100;5;80;instances/DSJC500.5.col;1;1;500;62624
161;3910092;1;100;5;80;instances/DSJC500.5.col;1;1;500;62624
155;4113235;7;100;5;80;instances/DSJC500.5.col;1;1;500;62624
164;5295977;40;100;5;80;instances/DSJC500.5.col;1;1;500;62624
165;4078453;6;100;5;80;instances/DSJC500.5.col;1;1;500;62624
164;3793976;0;100;5;80;instances/DSJC500.5.col;1;1;500;62624
166;3819857;0;100;5;80;instances/DSJC500.5.col;1;1;500;62624
168;3969040;5;100;5;80;instances/DSJC500.5.col;1;1;500;62624
165;3842553;0;100;5;80;instances/DSJC500.5.col;1;1;500;62624
163;3805979;0;100;5;80;instances/DSJC500.5.col;1;1;500;62624
167;1739077;0;100;10;20;instances/DSJC500.5.col;1;1;500;62624
159;1683636;0;100;10;20;instances/DSJC500.5.col;1;1;500;62624
164;2206308;13;100;10;20;instances/DSJC500.5.col;1;1;500;62624
166;1750414;0;100;10;20;instances/DSJC500.5.col;1;1;500;62624
165;1715582;0;100;10;20;instances/DSJC500.5.col;1;1;500;62624
166;1707387;0;100;10;20;instances/DSJC500.5.col;1;1;500;62624
163;2000125;7;100;10;20;instances/DSJC500.5.col;1;1;500;62624
168;1694320;0;100;10;20;instances/DSJC500.5.col;1;1;500;62624
165;1708708;0;100;10;20;instances/DSJC500.5.col;1;1;500;62624
167;1730201;0;100;10;20;instances/DSJC500.5.col;1;1;500;62624
166;3018358;6;100;10;50;instances/DSJC500.5.col;1;1;500;62624
166;2752341;0;100;10;50;instances/DSJC500.5.col;1;1;500;62624
167;2752950;0;100;10;50;instances/DSJC500.5.col;1;1;500;62624
164;2775226;0;100;10;50;instances/DSJC500.5.col;1;1;500;62624
164;2953192;5;100;10;50;instances/DSJC500.5.col;1;1;500;62624
169;3109878;9;100;10;50;instances/DSJC500.5.col;1;1;500;62624
163;2814071;1;100;10;50;instances/DSJC500.5.col;1;1;500;62624
162;2776081;0;100;10;50;instances/DSJC500.5.col;1;1;500;62624
159;3159118;10;100;10;50;instances/DSJC500.5.col;1;1;500;62624
161;2947297;5;100;10;50;instances/DSJC500.5.col;1;1;500;62624
162;3590036;2;100;10;70;instances/DSJC500.5.col;1;1;500;62624
166;3430843;0;100;10;70;instances/DSJC500.5.col;1;1;500;62624
165;3657499;2;100;10;70;instances/DSJC500.5.col;1;1;500;62624
164;3467569;0;100;10;70;instances/DSJC500.5.col;1;1;500;62624
165;3844489;9;100;10;70;instances/DSJC500.5.col;1;1;500;62624
161;3516710;0;100;10;70;instances/DSJC500.5.col;1;1;500;62624
158;3573287;2;100;10;70;instances/DSJC500.5.col;1;1;500;62624
165;3642149;4;100;10;70;instances/DSJC500.5.col;1;1;500;62624
162;3460285;0;100;10;70;instances/DSJC500.5.col;1;1;500;62624
164;3477714;0;100;10;70;instances/DSJC500.5.col;1;1;500;62624
163;3799762;0;100;10;80;instances/DSJC500.5.col;1;1;500;62624
160;3806646;0;100;10;80;instances/DSJC500.5.col;1;1;500;62624
163;3840108;0;100;10;80;instances/DSJC500.5.col;1;1;500;62624
163;3865785;0;100;10;80;instances/DSJC500.5.col;1;1;500;62624
166;4206155;9;100;10;80;instances/DSJC500.5.col;1;1;500;62624
162;3996028;4;100;10;80;instances/DSJC500.5.col;1;1;500;62624
163;4075501;6;100;10;80;instances/DSJC500.5.col;1;1;500;62624
172;3918942;3;100;10;80;instances/DSJC500.5.col;1;1;500;62624
164;3970185;3;100;10;80;instances/DSJC500.5.col;1;1;500;62624
170;3892176;1;100;10;80;instances/DSJC500.5.col;1;1;500;62624
161;1772884;3;100;25;20;instances/DSJC500.5.col;1;1;500;62624
164;2531068;24;100;25;20;instances/DSJC500.5.col;1;1;500;62624
158;2946983;38;100;25;20;instances/DSJC500.5.col;1;1;500;62624
164;1988935;8;100;25;20;instances/DSJC500.5.col;1;1;500;62624
162;1728009;2;100;25;20;instances/DSJC500.5.col;1;1;500;62624
164;1809443;4;100;25;20;instances/DSJC500.5.col;1;1;500;62624
162;2932236;37;100;25;20;instances/DSJC500.5.col;1;1;500;62624
161;1704683;0;100;25;20;instances/DSJC500.5.col;1;1;500;62624
166;1656925;0;100;25;20;instances/DSJC500.5.col;1;1;500;62624
163;1639321;0;100;25;20;instances/DSJC500.5.col;1;1;500;62624
162;2989840;8;100;25;50;instances/DSJC500.5.col;1;1;500;62624
168;2904139;5;100;25;50;instances/DSJC500.5.col;1;1;500;62624
149;3341490;19;100;25;50;instances/DSJC500.5.col;1;1;500;62624
166;2887725;4;100;25;50;instances/DSJC500.5.col;1;1;500;62624
164;3303757;17;100;25;50;instances/DSJC500.5.col;1;1;500;62624
161;2676681;0;100;25;50;instances/DSJC500.5.col;1;1;500;62624
159;3350517;18;100;25;50;instances/DSJC500.5.col;1;1;500;62624
165;2685757;0;100;25;50;instances/DSJC500.5.col;1;1;500;62624
165;2703848;0;100;25;50;instances/DSJC500.5.col;1;1;500;62624
162;3184744;14;100;25;50;instances/DSJC500.5.col;1;1;500;62624
162;3379762;0;100;25;70;instances/DSJC500.5.col;1;1;500;62624
161;3337158;0;100;25;70;instances/DSJC500.5.col;1;1;500;62624
163;3393657;0;100;25;70;instances/DSJC500.5.col;1;1;500;62624
165;4055888;20;100;25;70;instances/DSJC500.5.col;1;1;500;62624
162;3353097;0;100;25;70;instances/DSJC500.5.col;1;1;500;62624
158;3383779;0;100;25;70;instances/DSJC500.5.col;1;1;500;62624
154;4344170;28;100;25;70;instances/DSJC500.5.col;1;1;500;62624
159;3344565;0;100;25;70;instances/DSJC500.5.col;1;1;500;62624
164;3937631;15;100;25;70;instances/DSJC500.5.col;1;1;500;62624
154;4056202;20;100;25;70;instances/DSJC500.5.col;1;1;500;62624
165;4160161;13;100;25;80;instances/DSJC500.5.col;1;1;500;62624
160;6329886;72;100;25;80;instances/DSJC500.5.col;1;1;500;62624
164;4216193;13;100;25;80;instances/DSJC500.5.col;1;1;500;62624
162;4423652;20;100;25;80;instances/DSJC500.5.col;1;1;500;62624
163;5809681;60;100;25;80;instances/DSJC500.5.col;1;1;500;62624
158;4164523;12;100;25;80;instances/DSJC500.5.col;1;1;500;62624
162;6190843;68;100;25;80;instances/DSJC500.5.col;1;1;500;62624
166;3704791;0;100;25;80;instances/DSJC500.5.col;1;1;500;62624
158;4462074;20;100;25;80;instances/DSJC500.5.col;1;1;500;62624
164;4235813;14;100;25;80;instances/DSJC500.5.col;1;1;500;62624
162;2396963;21;100;50;20;instances/DSJC500.5.col;1;1;500;62624
165;2325390;19;100;50;20;instances/DSJC500.5.col;1;1;500;62624
167;1624342;0;100;50;20;instances/DSJC500.5.col;1;1;500;62624
155;2483254;24;100;50;20;instances/DSJC500.5.col;1;1;500;62624
160;3054734;41;100;50;20;instances/DSJC500.5.col;1;1;500;62624
158;2982138;39;100;50;20;instances/DSJC500.5.col;1;1;500;62624
164;1636679;0;100;50;20;instances/DSJC500.5.col;1;1;500;62624
162;3189148;45;100;50;20;instances/DSJC500.5.col;1;1;500;62624
165;1659943;0;100;50;20;instances/DSJC500.5.col;1;1;500;62624
165;1669211;0;100;50;20;instances/DSJC500.5.col;1;1;500;62624
162;3905025;37;100;50;50;instances/DSJC500.5.col;1;1;500;62624
157;6866306;124;100;50;50;instances/DSJC500.5.col;1;1;500;62624
164;3404697;21;100;50;50;instances/DSJC500.5.col;1;1;500;62624
161;5478335;82;100;50;50;instances/DSJC500.5.col;1;1;500;62624
159;4356870;50;100;50;50;instances/DSJC500.5.col;1;1;500;62624
157;4187366;45;100;50;50;instances/DSJC500.5.col;1;1;500;62624
163;2600054;0;100;50;50;instances/DSJC500.5.col;1;1;500;62624
161;5072180;71;100;50;50;instances/DSJC500.5.col;1;1;500;62624
161;2617765;0;100;50;50;instances/DSJC500.5.col;1;1;500;62624
159;3548649;25;100;50;50;instances/DSJC500.5.col;1;1;500;62624
157;7462535;120;100;50;70;instances/DSJC500.5.col;1;1;500;62624
161;5056429;49;100;50;70;instances/DSJC500.5.col;1;1;500;62624
162;3322996;0;100;50;70;instances/DSJC500.5.col;1;1;500;62624
165;6072664;80;100;50;70;instances/DSJC500.5.col;1;1;500;62624
163;5077729;51;100;50;70;instances/DSJC500.5.col;1;1;500;62624
164;4525728;34;100;50;70;instances/DSJC500.5.col;1;1;500;62624
160;4675776;40;100;50;70;instances/DSJC500.5.col;1;1;500;62624
162;4799557;44;100;50;70;instances/DSJC500.5.col;1;1;500;62624
159;4787038;43;100;50;70;instances/DSJC500.5.col;1;1;500;62624
160;4725879;41;100;50;70;instances/DSJC500.5.col;1;1;500;62624
162;4823274;33;100;50;80;instances/DSJC500.5.col;1;1;500;62624
160;6523684;84;100;50;80;instances/DSJC500.5.col;1;1;500;62624
159;5376777;49;100;50;80;instances/DSJC500.5.col;1;1;500;62624
165;6355725;78;100;50;80;instances/DSJC500.5.col;1;1;500;62624
162;5328556;46;100;50;80;instances/DSJC500.5.col;1;1;500;62624
162;5261669;45;100;50;80;instances/DSJC500.5.col;1;1;500;62624
157;5422661;50;100;50;80;instances/DSJC500.5.col;1;1;500;62624
152;5275459;45;100;50;80;instances/DSJC500.5.col;1;1;500;62624
153;10372026;197;100;50;80;instances/DSJC500.5.col;1;1;500;62624
164;3598179;0;100;50;80;instances/DSJC500.5.col;1;1;500;62624
166;3385896;0;200;5;20;instances/DSJC500.5.col;1;1;500;62624
165;3422402;0;200;5;20;instances/DSJC500.5.col;1;1;500;62624
159;3382010;0;200;5;20;instances/DSJC500.5.col;1;1;500;62624
161;3593820;2;200;5;20;instances/DSJC500.5.col;1;1;500;62624
161;3416073;0;200;5;20;instances/DSJC500.5.col;1;1;500;62624
163;3417876;0;200;5;20;instances/DSJC500.5.col;1;1;500;62624
157;3737247;4;200;5;20;instances/DSJC500.5.col;1;1;500;62624
159;3415587;0;200;5;20;instances/DSJC500.5.col;1;1;500;62624
162;3955880;7;200;5;20;instances/DSJC500.5.col;1;1;500;62624
163;3399657;0;200;5;20;instances/DSJC500.5.col;1;1;500;62624
158;5693518;2;200;5;50;instances/DSJC500.5.col;1;1;500;62624
164;5535291;0;200;5;50;instances/DSJC500.5.col;1;1;500;62624
163;5521550;0;200;5;50;instances/DSJC500.5.col;1;1;500;62624
166;5528792;0;200;5;50;instances/DSJC500.5.col;1;1;500;62624
159;5720139;2;200;5;50;instances/DSJC500.5.col;1;1;500;62624
163;5491817;0;200;5;50;instances/DSJC500.5.col;1;1;500;62624
166;7362073;25;200;5;50;instances/DSJC500.5.col;1;1;500;62624
160;5994919;5;200;5;50;instances/DSJC500.5.col;1;1;500;62624
163;5551034;0;200;5;50;instances/DSJC500.5.col;1;1;500;62624
164;5701508;0;200;5;50;instances/DSJC500.5.col;1;1;500;62624
165;7070336;0;200;5;70;instances/DSJC500.5.col;1;1;500;62624
163;7386041;3;200;5;70;instances/DSJC500.5.col;1;1;500;62624
165;6972034;0;200;5;70;instances/DSJC500.5.col;1;1;500;62624
167;7034980;0;200;5;70;instances/DSJC500.5.col;1;1;500;62624
159;7466472;5;200;5;70;instances/DSJC500.5.col;1;1;500;62624
159;6954776;0;200;5;70;instances/DSJC500.5.col;1;1;500;62624
164;7030055;0;200;5;70;instances/DSJC500.5.col;1;1;500;62624
159;6945188;0;200;5;70;instances/DSJC500.5.col;1;1;500;62624
164;7026102;0;200;5;70;instances/DSJC500.5.col;1;1;500;62624
159;6882476;0;200;5;70;instances/DSJC500.5.col;1;1;500;62624
160;7663979;0;200;5;80;instances/DSJC500.5.col;1;1;500;62624
165;7613309;0;200;5;80;instances/DSJC500.5.col;1;1;500;62624
166;7645286;0;200;5;80;instances/DSJC500.5.col;1;1;500;62624
165;7609376;0;200;5;80;instances/DSJC500.5.col;1;1;500;62624
158;7598564;0;200;5;80;instances/DSJC500.5.col;1;1;500;62624
159;7632715;0;200;5;80;instances/DSJC500.5.col;1;1;500;62624
159;7676555;0;200;5;80;instances/DSJC500.5.col;1;1;500;62624
165;7932762;3;200;5;80;instances/DSJC500.5.col;1;1;500;62624
163;8352069;9;200;5;80;instances/DSJC500.5.col;1;1;500;62624
164;7613192;0;200;5;80;instances/DSJC500.5.col;1;1;500;62624
161;4556286;16;200;10;20;instances/DSJC500.5.col;1;1;500;62624
162;3334631;0;200;10;20;instances/DSJC500.5.col;1;1;500;62624
163;3387191;0;200;10;20;instances/DSJC500.5.col;1;1;500;62624
160;3721803;4;200;10;20;instances/DSJC500.5.col;1;1;500;62624
156;3365296;0;200;10;20;instances/DSJC500.5.col;1;1;500;62624
165;3422336;0;200;10;20;instances/DSJC500.5.col;1;1;500;62624
161;3851609;6;200;10;20;instances/DSJC500.5.col;1;1;500;62624
161;4333866;12;200;10;20;instances/DSJC500.5.col;1;1;500;62624
158;3852011;6;200;10;20;instances/DSJC500.5.col;1;1;500;62624
162;3462249;0;200;10;20;instances/DSJC500.5.col;1;1;500;62624
162;7779695;32;200;10;50;instances/DSJC500.5.col;1;1;500;62624
163;5522520;0;200;10;50;instances/DSJC500.5.col;1;1;500;62624
165;6719350;16;200;10;50;instances/DSJC500.5.col;1;1;500;62624
156;6090690;7;200;10;50;instances/DSJC500.5.col;1;1;500;62624
160;6266635;9;200;10;50;instances/DSJC500.5.col;1;1;500;62624
157;6172807;8;200;10;50;instances/DSJC500.5.col;1;1;500;62624
157;6377519;11;200;10;50;instances/DSJC500.5.col;1;1;500;62624
161;5526835;0;200;10;50;instances/DSJC500.5.col;1;1;500;62624
158;6243453;9;200;10;50;instances/DSJC500.5.col;1;1;500;62624
164;5540926;0;200;10;50;instances/DSJC500.5.col;1;1;500;62624
163;7050658;1;200;10;70;instances/DSJC500.5.col;1;1;500;62624
161;7093878;2;200;10;70;instances/DSJC500.5.col;1;1;500;62624
159;7250353;4;200;10;70;instances/DSJC500.5.col;1;1;500;62624
162;6922835;0;200;10;70;instances/DSJC500.5.col;1;1;500;62624
164;7587844;8;200;10;70;instances/DSJC500.5.col;1;1;500;62624
164;8168848;16;200;10;70;instances/DSJC500.5.col;1;1;500;62624
165;6945857;0;200;10;70;instances/DSJC500.5.col;1;1;500;62624
164;6872709;0;200;10;70;instances/DSJC500.5.col;1;1;500;62624
161;6878191;0;200;10;70;instances/DSJC500.5.col;1;1;500;62624
165;6843434;0;200;10;70;instances/DSJC500.5.col;1;1;500;62624
156;8803283;16;200;10;80;instances/DSJC500.5.col;1;1;500;62624
160;7587027;0;200;10;80;instances/DSJC500.5.col;1;1;500;62624
161;8227358;7;200;10;80;instances/DSJC500.5.col;1;1;500;62624
166;7661860;0;200;10;80;instances/DSJC500.5.col;1;1;500;62624
162;8046715;5;200;10;80;instances/DSJC500.5.col;1;1;500;62624
157;7971772;4;200;10;80;instances/DSJC500.5.col;1;1;500;62624
163;7990804;4;200;10;80;instances/DSJC500.5.col;1;1;500;62624
156;7624074;0;200;10;80;instances/DSJC500.5.col;1;1;500;62624
164;8069074;6;200;10;80;instances/DSJC500.5.col;1;1;500;62624
163;7633053;0;200;10;80;instances/DSJC500.5.col;1;1;500;62624
152;3817833;7;200;25;20;instances/DSJC500.5.col;1;1;500;62624
159;3267956;0;200;25;20;instances/DSJC500.5.col;1;1;500;62624
156;3978500;9;200;25;20;instances/DSJC500.5.col;1;1;500;62624
163;3293376;0;200;25;20;instances/DSJC500.5.col;1;1;500;62624
164;3258817;0;200;25;20;instances/DSJC500.5.col;1;1;500;62624
164;4671567;19;200;25;20;instances/DSJC500.5.col;1;1;500;62624
163;3876659;8;200;25;20;instances/DSJC500.5.col;1;1;500;62624
160;4437197;16;200;25;20;instances/DSJC500.5.col;1;1;500;62624
159;4408055;15;200;25;20;instances/DSJC500.5.col;1;1;500;62624
157;4781163;20;200;25;20;instances/DSJC500.5.col;1;1;500;62624
164;6537236;14;200;25;50;instances/DSJC500.5.col;1;1;500;62624
160;7238040;24;200;25;50;instances/DSJC500.5.col;1;1;500;62624
163;6385113;12;200;25;50;instances/DSJC500.5.col;1;1;500;62624
166;5441998;0;200;25;50;instances/DSJC500.5.col;1;1;500;62624
166;5351791;0;200;25;50;instances/DSJC500.5.col;1;1;500;62624
163;6857113;19;200;25;50;instances/DSJC500.5.col;1;1;500;62624
155;6078572;9;200;25;50;instances/DSJC500.5.col;1;1;500;62624
160;5357441;0;200;25;50;instances/DSJC500.5.col;1;1;500;62624
166;5347800;0;200;25;50;instances/DSJC500.5.col;1;1;500;62624
160;5362482;0;200;25;50;instances/DSJC500.5.col;1;1;500;62624
163;7708669;12;200;25;70;instances/DSJC500.5.col;1;1;500;62624
161;10622932;53;200;25;70;instances/DSJC500.5.col;1;1;500;62624
164;6775524;0;200;25;70;instances/DSJC500.5.col;1;1;500;62624
159;9932677;43;200;25;70;instances/DSJC500.5.col;1;1;500;62624
163;9688628;39;200;25;70;instances/DSJC500.5.col;1;1;500;62624
157;9912697;43;200;25;70;instances/DSJC500.5.col;1;1;500;62624
163;8234125;20;200;25;70;instances/DSJC500.5.col;1;1;500;62624
159;6754547;0;200;25;70;instances/DSJC500.5.col;1;1;500;62624
158;7839181;13;200;25;70;instances/DSJC500.5.col;1;1;500;62624
158;9542719;39;200;25;70;instances/DSJC500.5.col;1;1;500;62624
158;8159020;8;200;25;80;instances/DSJC500.5.col;1;1;500;62624
159;8999819;20;200;25;80;instances/DSJC500.5.col;1;1;500;62624
159;9547279;29;200;25;80;instances/DSJC500.5.col;1;1;500;62624
162;7506142;0;200;25;80;instances/DSJC500.5.col;1;1;500;62624
161;7566689;0;200;25;80;instances/DSJC500.5.col;1;1;500;62624
162;7504714;0;200;25;80;instances/DSJC500.5.col;1;1;500;62624
156;7459921;0;200;25;80;instances/DSJC500.5.col;1;1;500;62624
159;7491985;0;200;25;80;instances/DSJC500.5.col;1;1;500;62624
155;8420446;12;200;25;80;instances/DSJC500.5.col;1;1;500;62624
156;8599379;15;200;25;80;instances/DSJC500.5.col;1;1;500;62624
159;3571167;4;200;50;20;instances/DSJC500.5.col;1;1;500;62624
155;6715965;50;200;50;20;instances/DSJC500.5.col;1;1;500;62624
162;3268515;0;200;50;20;instances/DSJC500.5.col;1;1;500;62624
164;4277474;14;200;50;20;instances/DSJC500.5.col;1;1;500;62624
164;3275964;0;200;50;20;instances/DSJC500.5.col;1;1;500;62624
163;3621585;4;200;50;20;instances/DSJC500.5.col;1;1;500;62624
158;3778349;7;200;50;20;instances/DSJC500.5.col;1;1;500;62624
160;5114918;27;200;50;20;instances/DSJC500.5.col;1;1;500;62624
158;5500054;32;200;50;20;instances/DSJC500.5.col;1;1;500;62624
165;3298415;0;200;50;20;instances/DSJC500.5.col;1;1;500;62624
163;8107922;41;200;50;50;instances/DSJC500.5.col;1;1;500;62624
150;8268006;44;200;50;50;instances/DSJC500.5.col;1;1;500;62624
159;8182880;42;200;50;50;instances/DSJC500.5.col;1;1;500;62624
162;8175041;42;200;50;50;instances/DSJC500.5.col;1;1;500;62624
160;8626792;48;200;50;50;instances/DSJC500.5.col;1;1;500;62624
157;8627242;47;200;50;50;instances/DSJC500.5.col;1;1;500;62624
155;11845011;95;200;50;50;instances/DSJC500.5.col;1;1;500;62624
161;6547711;18;200;50;50;instances/DSJC500.5.col;1;1;500;62624
163;5356342;0;200;50;50;instances/DSJC500.5.col;1;1;500;62624
156;8117280;41;200;50;50;instances/DSJC500.5.col;1;1;500;62624
157;8076510;21;200;50;70;instances/DSJC500.5.col;1;1;500;62624
161;9789122;45;200;50;70;instances/DSJC500.5.col;1;1;500;62624
159;9273300;37;200;50;70;instances/DSJC500.5.col;1;1;500;62624
160;9503026;39;200;50;70;instances/DSJC500.5.col;1;1;500;62624
156;7124355;7;200;50;70;instances/DSJC500.5.col;1;1;500;62624
157;9326550;38;200;50;70;instances/DSJC500.5.col;1;1;500;62624
157;6599569;0;200;50;70;instances/DSJC500.5.col;1;1;500;62624
159;9731984;45;200;50;70;instances/DSJC500.5.col;1;1;500;62624
157;9976311;49;200;50;70;instances/DSJC500.5.col;1;1;500;62624
162;10131795;51;200;50;70;instances/DSJC500.5.col;1;1;500;62624
158;11169448;48;200;50;80;instances/DSJC500.5.col;1;1;500;62624
157;12469906;73;200;50;80;instances/DSJC500.5.col;1;1;500;62624
157;9501593;31;200;50;80;instances/DSJC500.5.col;1;1;500;62624
159;10823828;50;200;50;80;instances/DSJC500.5.col;1;1;500;62624
160;9094103;24;200;50;80;instances/DSJC500.5.col;1;1;500;62624
158;15622714;117;200;50;80;instances/DSJC500.5.col;1;1;500;62624
152;12950314;82;200;50;80;instances/DSJC500.5.col;1;1;500;62624
158;10691993;49;200;50;80;instances/DSJC500.5.col;1;1;500;62624
162;8861826;23;200;50;80;instances/DSJC500.5.col;1;1;500;62624
158;13872605;96;200;50;80;instances/DSJC500.5.col;1;1;500;62624
161;5069820;0;300;5;20;instances/DSJC500.5.col;1;1;500;62624
167;5151827;0;300;5;20;instances/DSJC500.5.col;1;1;500;62624
158;5118854;0;300;5;20;instances/DSJC500.5.col;1;1;500;62624
160;5054985;0;300;5;20;instances/DSJC500.5.col;1;1;500;62624
163;5111857;0;300;5;20;instances/DSJC500.5.col;1;1;500;62624
164;5066103;0;300;5;20;instances/DSJC500.5.col;1;1;500;62624
161;5102480;0;300;5;20;instances/DSJC500.5.col;1;1;500;62624
161;5138320;0;300;5;20;instances/DSJC500.5.col;1;1;500;62624
161;5142347;0;300;5;20;instances/DSJC500.5.col;1;1;500;62624
159;5960125;7;300;5;20;instances/DSJC500.5.col;1;1;500;62624
162;8326340;0;300;5;50;instances/DSJC500.5.col;1;1;500;62624
158;10518777;20;300;5;50;instances/DSJC500.5.col;1;1;500;62624
160;9063040;6;300;5;50;instances/DSJC500.5.col;1;1;500;62624
163;8242988;0;300;5;50;instances/DSJC500.5.col;1;1;500;62624
162;9004821;6;300;5;50;instances/DSJC500.5.col;1;1;500;62624
162;8240552;0;300;5;50;instances/DSJC500.5.col;1;1;500;62624
154;8225330;0;300;5;50;instances/DSJC500.5.col;1;1;500;62624
164;8258686;0;300;5;50;instances/DSJC500.5.col;1;1;500;62624
158;8233446;0;300;5;50;instances/DSJC500.5.col;1;1;500;62624
162;8667798;3;300;5;50;instances/DSJC500.5.col;1;1;500;62624
160;10712694;2;300;5;70;instances/DSJC500.5.col;1;1;500;62624
160;11803728;13;300;5;70;instances/DSJC500.5.col;1;1;500;62624
157;10698389;2;300;5;70;instances/DSJC500.5.col;1;1;500;62624
158;10426267;0;300;5;70;instances/DSJC500.5.col;1;1;500;62624
156;10394508;0;300;5;70;instances/DSJC500.5.col;1;1;500;62624
158;11174484;6;300;5;70;instances/DSJC500.5.col;1;1;500;62624
163;10403201;0;300;5;70;instances/DSJC500.5.col;1;1;500;62624
163;10375844;0;300;5;70;instances/DSJC500.5.col;1;1;500;62624
159;10731626;2;300;5;70;instances/DSJC500.5.col;1;1;500;62624
164;10427710;0;300;5;70;instances/DSJC500.5.col;1;1;500;62624
165;11861147;2;300;5;80;instances/DSJC500.5.col;1;1;500;62624
157;11450844;0;300;5;80;instances/DSJC500.5.col;1;1;500;62624
163;11458593;0;300;5;80;instances/DSJC500.5.col;1;1;500;62624
161;11497417;0;300;5;80;instances/DSJC500.5.col;1;1;500;62624
162;11937461;3;300;5;80;instances/DSJC500.5.col;1;1;500;62624
159;12252062;6;300;5;80;instances/DSJC500.5.col;1;1;500;62624
154;12019873;4;300;5;80;instances/DSJC500.5.col;1;1;500;62624
157;11979787;3;300;5;80;instances/DSJC500.5.col;1;1;500;62624
163;11652544;0;300;5;80;instances/DSJC500.5.col;1;1;500;62624
166;11570981;0;300;5;80;instances/DSJC500.5.col;1;1;500;62624
159;5093485;0;300;10;20;instances/DSJC500.5.col;1;1;500;62624
156;5527394;3;300;10;20;instances/DSJC500.5.col;1;1;500;62624
159;5117294;0;300;10;20;instances/DSJC500.5.col;1;1;500;62624
164;6009462;8;300;10;20;instances/DSJC500.5.col;1;1;500;62624
159;5207444;0;300;10;20;instances/DSJC500.5.col;1;1;500;62624
161;5074648;0;300;10;20;instances/DSJC500.5.col;1;1;500;62624
166;5681401;5;300;10;20;instances/DSJC500.5.col;1;1;500;62624
162;6182086;9;300;10;20;instances/DSJC500.5.col;1;1;500;62624
167;5070391;0;300;10;20;instances/DSJC500.5.col;1;1;500;62624
161;5903900;7;300;10;20;instances/DSJC500.5.col;1;1;500;62624
154;8281997;0;300;10;50;instances/DSJC500.5.col;1;1;500;62624
158;8629778;2;300;10;50;instances/DSJC500.5.col;1;1;500;62624
161;8514910;1;300;10;50;instances/DSJC500.5.col;1;1;500;62624
152;8251140;0;300;10;50;instances/DSJC500.5.col;1;1;500;62624
163;8819367;4;300;10;50;instances/DSJC500.5.col;1;1;500;62624
153;8247095;0;300;10;50;instances/DSJC500.5.col;1;1;500;62624
161;8293947;0;300;10;50;instances/DSJC500.5.col;1;1;500;62624
165;8194737;0;300;10;50;instances/DSJC500.5.col;1;1;500;62624
159;8201034;0;300;10;50;instances/DSJC500.5.col;1;1;500;62624
162;8197046;0;300;10;50;instances/DSJC500.5.col;1;1;500;62624
157;10827608;4;300;10;70;instances/DSJC500.5.col;1;1;500;62624
159;10655049;2;300;10;70;instances/DSJC500.5.col;1;1;500;62624
158;11216352;6;300;10;70;instances/DSJC500.5.col;1;1;500;62624
159;10343568;0;300;10;70;instances/DSJC500.5.col;1;1;500;62624
162;10407001;0;300;10;70;instances/DSJC500.5.col;1;1;500;62624
160;10457659;0;300;10;70;instances/DSJC500.5.col;1;1;500;62624
163;10318408;0;300;10;70;instances/DSJC500.5.col;1;1;500;62624
159;11133733;6;300;10;70;instances/DSJC500.5.col;1;1;500;62624
164;10312729;0;300;10;70;instances/DSJC500.5.col;1;1;500;62624
159;11302976;8;300;10;70;instances/DSJC500.5.col;1;1;500;62624
162;11452367;0;300;10;80;instances/DSJC500.5.col;1;1;500;62624
159;11418953;0;300;10;80;instances/DSJC500.5.col;1;1;500;62624
163;12366992;7;300;10;80;instances/DSJC500.5.col;1;1;500;62624
163;12548987;9;300;10;80;instances/DSJC500.5.col;1;1;500;62624
159;11764991;2;300;10;80;instances/DSJC500.5.col;1;1;500;62624
159;12456259;7;300;10;80;instances/DSJC500.5.col;1;1;500;62624
161;12378041;7;300;10;80;instances/DSJC500.5.col;1;1;500;62624
161;11602160;0;300;10;80;instances/DSJC500.5.col;1;1;500;62624
162;11472681;0;300;10;80;instances/DSJC500.5.col;1;1;500;62624
158;11491339;0;300;10;80;instances/DSJC500.5.col;1;1;500;62624
162;4925940;0;300;25;20;instances/DSJC500.5.col;1;1;500;62624
161;4911610;0;300;25;20;instances/DSJC500.5.col;1;1;500;62624
160;7750339;25;300;25;20;instances/DSJC500.5.col;1;1;500;62624
158;7650027;24;300;25;20;instances/DSJC500.5.col;1;1;500;62624
159;8328499;30;300;25;20;instances/DSJC500.5.col;1;1;500;62624
156;6768719;16;300;25;20;instances/DSJC500.5.col;1;1;500;62624
165;4914028;0;300;25;20;instances/DSJC500.5.col;1;1;500;62624
162;4933612;0;300;25;20;instances/DSJC500.5.col;1;1;500;62624
161;6852964;17;300;25;20;instances/DSJC500.5.col;1;1;500;62624
163;6956384;18;300;25;20;instances/DSJC500.5.col;1;1;500;62624
162;8357721;0;300;25;50;instances/DSJC500.5.col;1;1;500;62624
152;10529750;19;300;25;50;instances/DSJC500.5.col;1;1;500;62624
156;8236692;0;300;25;50;instances/DSJC500.5.col;1;1;500;62624
162;10474564;21;300;25;50;instances/DSJC500.5.col;1;1;500;62624
159;9419319;11;300;25;50;instances/DSJC500.5.col;1;1;500;62624
166;10357084;20;300;25;50;instances/DSJC500.5.col;1;1;500;62624
158;10942563;26;300;25;50;instances/DSJC500.5.col;1;1;500;62624
153;9599722;13;300;25;50;instances/DSJC500.5.col;1;1;500;62624
158;9224706;9;300;25;50;instances/DSJC500.5.col;1;1;500;62624
154;10603654;23;300;25;50;instances/DSJC500.5.col;1;1;500;62624
159;12050693;16;300;25;70;instances/DSJC500.5.col;1;1;500;62624
158;12304430;19;300;25;70;instances/DSJC500.5.col;1;1;500;62624
157;12745923;23;300;25;70;instances/DSJC500.5.col;1;1;500;62624
161;10265694;0;300;25;70;instances/DSJC500.5.col;1;1;500;62624
162;11078329;7;300;25;70;instances/DSJC500.5.col;1;1;500;62624
160;12783228;23;300;25;70;instances/DSJC500.5.col;1;1;500;62624
152;12767389;23;300;25;70;instances/DSJC500.5.col;1;1;500;62624
161;11101637;7;300;25;70;instances/DSJC500.5.col;1;1;500;62624
157;11642917;12;300;25;70;instances/DSJC500.5.col;1;1;500;62624
158;11973573;16;300;25;70;instances/DSJC500.5.col;1;1;500;62624
160;12029143;6;300;25;80;instances/DSJC500.5.col;1;1;500;62624
162;14561380;30;300;25;80;instances/DSJC500.5.col;1;1;500;62624
162;13799324;23;300;25;80;instances/DSJC500.5.col;1;1;500;62624
161;15434173;38;300;25;80;instances/DSJC500.5.col;1;1;500;62624
156;12661795;12;300;25;80;instances/DSJC500.5.col;1;1;500;62624
161;13354249;19;300;25;80;instances/DSJC500.5.col;1;1;500;62624
158;13000503;15;300;25;80;instances/DSJC500.5.col;1;1;500;62624
160;12750342;13;300;25;80;instances/DSJC500.5.col;1;1;500;62624
149;13605223;20;300;25;80;instances/DSJC500.5.col;1;1;500;62624
153;11260097;0;300;25;80;instances/DSJC500.5.col;1;1;500;62624
160;6407541;14;300;50;20;instances/DSJC500.5.col;1;1;500;62624
159;8617647;36;300;50;20;instances/DSJC500.5.col;1;1;500;62624
158;5498125;5;300;50;20;instances/DSJC500.5.col;1;1;500;62624
159;4900762;0;300;50;20;instances/DSJC500.5.col;1;1;500;62624
162;4909487;0;300;50;20;instances/DSJC500.5.col;1;1;500;62624
163;4898466;0;300;50;20;instances/DSJC500.5.col;1;1;500;62624
158;8850947;38;300;50;20;instances/DSJC500.5.col;1;1;500;62624
163;4921033;0;300;50;20;instances/DSJC500.5.col;1;1;500;62624
164;6644026;17;300;50;20;instances/DSJC500.5.col;1;1;500;62624
156;4931399;0;300;50;20;instances/DSJC500.5.col;1;1;500;62624
158;11736709;37;300;50;50;instances/DSJC500.5.col;1;1;500;62624
156;10437130;24;300;50;50;instances/DSJC500.5.col;1;1;500;62624
150;12210276;42;300;50;50;instances/DSJC500.5.col;1;1;500;62624
159;7809754;0;300;50;50;instances/DSJC500.5.col;1;1;500;62624
156;13184305;51;300;50;50;instances/DSJC500.5.col;1;1;500;62624
161;10125872;22;300;50;50;instances/DSJC500.5.col;1;1;500;62624
161;12053663;41;300;50;50;instances/DSJC500.5.col;1;1;500;62624
151;20606659;123;300;50;50;instances/DSJC500.5.col;1;1;500;62624
153;12636916;47;300;50;50;instances/DSJC500.5.col;1;1;500;62624
159;10387127;24;300;50;50;instances/DSJC500.5.col;1;1;500;62624
154;19063220;87;300;50;70;instances/DSJC500.5.col;1;1;500;62624
153;13469763;34;300;50;70;instances/DSJC500.5.col;1;1;500;62624
148;11348228;13;300;50;70;instances/DSJC500.5.col;1;1;500;62624
156;14505964;44;300;50;70;instances/DSJC500.5.col;1;1;500;62624
154;19250295;89;300;50;70;instances/DSJC500.5.col;1;1;500;62624
161;9893847;0;300;50;70;instances/DSJC500.5.col;1;1;500;62624
162;13487096;34;300;50;70;instances/DSJC500.5.col;1;1;500;62624
158;14479201;44;300;50;70;instances/DSJC500.5.col;1;1;500;62624
152;18717949;83;300;50;70;instances/DSJC500.5.col;1;1;500;62624
158;14008360;40;300;50;70;instances/DSJC500.5.col;1;1;500;62624
152;15366889;43;300;50;80;instances/DSJC500.5.col;1;1;500;62624
151;18315954;69;300;50;80;instances/DSJC500.5.col;1;1;500;62624
161;13256433;22;300;50;80;instances/DSJC500.5.col;1;1;500;62624
154;14358349;33;300;50;80;instances/DSJC500.5.col;1;1;500;62624
154;19994610;86;300;50;80;instances/DSJC500.5.col;1;1;500;62624
158;27175891;154;300;50;80;instances/DSJC500.5.col;1;1;500;62624
157;15018275;39;300;50;80;instances/DSJC500.5.col;1;1;500;62624
155;15299805;41;300;50;80;instances/DSJC500.5.col;1;1;500;62624
155;13974875;28;300;50;80;instances/DSJC500.5.col;1;1;500;62624
158;10979698;0;300;50;80;instances/DSJC500.5.col;1;1;500;62624
159;6821106;0;400;5;20;instances/DSJC500.5.col;1;1;500;62624
158;7405238;4;400;5;20;instances/DSJC500.5.col;1;1;500;62624
159;6736898;0;400;5;20;instances/DSJC500.5.col;1;1;500;62624
161;7529868;4;400;5;20;instances/DSJC500.5.col;1;1;500;62624
160;6811541;0;400;5;20;instances/DSJC500.5.col;1;1;500;62624
165;6808671;0;400;5;20;instances/DSJC500.5.col;1;1;500;62624
157;7376747;3;400;5;20;instances/DSJC500.5.col;1;1;500;62624
160;7635551;5;400;5;20;instances/DSJC500.5.col;1;1;500;62624
162;6859199;0;400;5;20;instances/DSJC500.5.col;1;1;500;62624
160;7938885;5;400;5;20;instances/DSJC500.5.col;1;1;500;62624
163;11248815;0;400;5;50;instances/DSJC500.5.col;1;1;500;62624
163;10983282;0;400;5;50;instances/DSJC500.5.col;1;1;500;62624
160;11402482;1;400;5;50;instances/DSJC500.5.col;1;1;500;62624
156;11137748;0;400;5;50;instances/DSJC500.5.col;1;1;500;62624
158;11930079;5;400;5;50;instances/DSJC500.5.col;1;1;500;62624
151;11110721;0;400;5;50;instances/DSJC500.5.col;1;1;500;62624
158;11554127;3;400;5;50;instances/DSJC500.5.col;1;1;500;62624
161;10974155;0;400;5;50;instances/DSJC500.5.col;1;1;500;62624
160;11070997;0;400;5;50;instances/DSJC500.5.col;1;1;500;62624
165;12021199;6;400;5;50;instances/DSJC500.5.col;1;1;500;62624
158;13809104;0;400;5;70;instances/DSJC500.5.col;1;1;500;62624
162;13938163;0;400;5;70;instances/DSJC500.5.col;1;1;500;62624
161;14032268;0;400;5;70;instances/DSJC500.5.col;1;1;500;62624
162;13842294;0;400;5;70;instances/DSJC500.5.col;1;1;500;62624
160;13781104;0;400;5;70;instances/DSJC500.5.col;1;1;500;62624
162;13754812;0;400;5;70;instances/DSJC500.5.col;1;1;500;62624
156;13784431;0;400;5;70;instances/DSJC500.5.col;1;1;500;62624
163;14025745;1;400;5;70;instances/DSJC500.5.col;1;1;500;62624
161;13729823;0;400;5;70;instances/DSJC500.5.col;1;1;500;62624
160;14362489;3;400;5;70;instances/DSJC500.5.col;1;1;500;62624
160;15290975;0;400;5;80;instances/DSJC500.5.col;1;1;500;62624
163;15210861;0;400;5;80;instances/DSJC500.5.col;1;1;500;62624
165;15798148;2;400;5;80;instances/DSJC500.5.col;1;1;500;62624
160;15380111;0;400;5;80;instances/DSJC500.5.col;1;1;500;62624
156;15279703;0;400;5;80;instances/DSJC500.5.col;1;1;500;62624
164;16070687;5;400;5;80;instances/DSJC500.5.col;1;1;500;62624
156;15147773;0;400;5;80;instances/DSJC500.5.col;1;1;500;62624
165;15515399;1;400;5;80;instances/DSJC500.5.col;1;1;500;62624
161;15275932;0;400;5;80;instances/DSJC500.5.col;1;1;500;62624
164;15325250;0;400;5;80;instances/DSJC500.5.col;1;1;500;62624
161;6794748;0;400;10;20;instances/DSJC500.5.col;1;1;500;62624
164;6811910;0;400;10;20;instances/DSJC500.5.col;1;1;500;62624
160;6743366;0;400;10;20;instances/DSJC500.5.col;1;1;500;62624
162;8342679;10;400;10;20;instances/DSJC500.5.col;1;1;500;62624
163;7358606;3;400;10;20;instances/DSJC500.5.col;1;1;500;62624
165;6764104;0;400;10;20;instances/DSJC500.5.col;1;1;500;62624
163;6924483;0;400;10;20;instances/DSJC500.5.col;1;1;500;62624
160;6774278;0;400;10;20;instances/DSJC500.5.col;1;1;500;62624
162;6803688;0;400;10;20;instances/DSJC500.5.col;1;1;500;62624
163;6765179;0;400;10;20;instances/DSJC500.5.col;1;1;500;62624
157;11056819;0;400;10;50;instances/DSJC500.5.col;1;1;500;62624
162;10972658;0;400;10;50;instances/DSJC500.5.col;1;1;500;62624
160;11010707;0;400;10;50;instances/DSJC500.5.col;1;1;500;62624
160;12103958;7;400;10;50;instances/DSJC500.5.col;1;1;500;62624
161;12235424;8;400;10;50;instances/DSJC500.5.col;1;1;500;62624
160;12224493;8;400;10;50;instances/DSJC500.5.col;1;1;500;62624
159;12519866;10;400;10;50;instances/DSJC500.5.col;1;1;500;62624
159;12276441;8;400;10;50;instances/DSJC500.5.col;1;1;500;62624
163;11733441;4;400;10;50;instances/DSJC500.5.col;1;1;500;62624
162;12379566;9;400;10;50;instances/DSJC500.5.col;1;1;500;62624
157;14862294;6;400;10;70;instances/DSJC500.5.col;1;1;500;62624
158;13922647;0;400;10;70;instances/DSJC500.5.col;1;1;500;62624
161;13809569;0;400;10;70;instances/DSJC500.5.col;1;1;500;62624
160;15173172;9;400;10;70;instances/DSJC500.5.col;1;1;500;62624
160;14867652;7;400;10;70;instances/DSJC500.5.col;1;1;500;62624
163;13757973;0;400;10;70;instances/DSJC500.5.col;1;1;500;62624
156;15187684;9;400;10;70;instances/DSJC500.5.col;1;1;500;62624
163;14756676;6;400;10;70;instances/DSJC500.5.col;1;1;500;62624
164;13733887;0;400;10;70;instances/DSJC500.5.col;1;1;500;62624
160;13923846;0;400;10;70;instances/DSJC500.5.col;1;1;500;62624
156;16048821;4;400;10;80;instances/DSJC500.5.col;1;1;500;62624
156;16763766;9;400;10;80;instances/DSJC500.5.col;1;1;500;62624
161;15418491;0;400;10;80;instances/DSJC500.5.col;1;1;500;62624
165;16794737;10;400;10;80;instances/DSJC500.5.col;1;1;500;62624
157;16695901;9;400;10;80;instances/DSJC500.5.col;1;1;500;62624
159;15221308;0;400;10;80;instances/DSJC500.5.col;1;1;500;62624
159;15261121;0;400;10;80;instances/DSJC500.5.col;1;1;500;62624
159;18084578;19;400;10;80;instances/DSJC500.5.col;1;1;500;62624
162;15289704;0;400;10;80;instances/DSJC500.5.col;1;1;500;62624
163;16099561;4;400;10;80;instances/DSJC500.5.col;1;1;500;62624
159;7506173;5;400;25;20;instances/DSJC500.5.col;1;1;500;62624
155;9996718;22;400;25;20;instances/DSJC500.5.col;1;1;500;62624
156;6671832;0;400;25;20;instances/DSJC500.5.col;1;1;500;62624
158;8281740;10;400;25;20;instances/DSJC500.5.col;1;1;500;62624
151;10330801;24;400;25;20;instances/DSJC500.5.col;1;1;500;62624
161;6562565;0;400;25;20;instances/DSJC500.5.col;1;1;500;62624
156;8207390;10;400;25;20;instances/DSJC500.5.col;1;1;500;62624
156;9363062;18;400;25;20;instances/DSJC500.5.col;1;1;500;62624
157;9558793;19;400;25;20;instances/DSJC500.5.col;1;1;500;62624
159;6535810;0;400;25;20;instances/DSJC500.5.col;1;1;500;62624
153;13181605;16;400;25;50;instances/DSJC500.5.col;1;1;500;62624
159;11403597;3;400;25;50;instances/DSJC500.5.col;1;1;500;62624
157;15328325;31;400;25;50;instances/DSJC500.5.col;1;1;500;62624
161;12608989;12;400;25;50;instances/DSJC500.5.col;1;1;500;62624
157;12089484;8;400;25;50;instances/DSJC500.5.col;1;1;500;62624
160;14059342;22;400;25;50;instances/DSJC500.5.col;1;1;500;62624
164;10857078;0;400;25;50;instances/DSJC500.5.col;1;1;500;62624
157;10848496;0;400;25;50;instances/DSJC500.5.col;1;1;500;62624
160;13930370;21;400;25;50;instances/DSJC500.5.col;1;1;500;62624
156;11127089;1;400;25;50;instances/DSJC500.5.col;1;1;500;62624
159;13686011;0;400;25;70;instances/DSJC500.5.col;1;1;500;62624
157;17130970;23;400;25;70;instances/DSJC500.5.col;1;1;500;62624
159;17355712;25;400;25;70;instances/DSJC500.5.col;1;1;500;62624
155;15838787;15;400;25;70;instances/DSJC500.5.col;1;1;500;62624
157;16440955;20;400;25;70;instances/DSJC500.5.col;1;1;500;62624
161;16012442;17;400;25;70;instances/DSJC500.5.col;1;1;500;62624
162;13982319;2;400;25;70;instances/DSJC500.5.col;1;1;500;62624
158;16749237;21;400;25;70;instances/DSJC500.5.col;1;1;500;62624
163;13796118;0;400;25;70;instances/DSJC500.5.col;1;1;500;62624
156;15201380;10;400;25;70;instances/DSJC500.5.col;1;1;500;62624
157;15860948;5;400;25;80;instances/DSJC500.5.col;1;1;500;62624
155;17470333;16;400;25;80;instances/DSJC500.5.col;1;1;500;62624
157;20350301;37;400;25;80;instances/DSJC500.5.col;1;1;500;62624
160;16616793;9;400;25;80;instances/DSJC500.5.col;1;1;500;62624
156;17141681;13;400;25;80;instances/DSJC500.5.col;1;1;500;62624
161;18943768;25;400;25;80;instances/DSJC500.5.col;1;1;500;62624
165;18548102;23;400;25;80;instances/DSJC500.5.col;1;1;500;62624
159;17664246;17;400;25;80;instances/DSJC500.5.col;1;1;500;62624
165;15744124;3;400;25;80;instances/DSJC500.5.col;1;1;500;62624
160;15147748;0;400;25;80;instances/DSJC500.5.col;1;1;500;62624
160;6535622;0;400;50;20;instances/DSJC500.5.col;1;1;500;62624
158;9145419;19;400;50;20;instances/DSJC500.5.col;1;1;500;62624
158;12086328;41;400;50;20;instances/DSJC500.5.col;1;1;500;62624
159;9276284;20;400;50;20;instances/DSJC500.5.col;1;1;500;62624
156;12161242;41;400;50;20;instances/DSJC500.5.col;1;1;500;62624
157;8820591;17;400;50;20;instances/DSJC500.5.col;1;1;500;62624
163;6487646;0;400;50;20;instances/DSJC500.5.col;1;1;500;62624
156;8441346;14;400;50;20;instances/DSJC500.5.col;1;1;500;62624
157;6521070;0;400;50;20;instances/DSJC500.5.col;1;1;500;62624
160;6481281;0;400;50;20;instances/DSJC500.5.col;1;1;500;62624
156;17256515;48;400;50;50;instances/DSJC500.5.col;1;1;500;62624
159;12100205;11;400;50;50;instances/DSJC500.5.col;1;1;500;62624
154;17464921;50;400;50;50;instances/DSJC500.5.col;1;1;500;62624
163;13972974;24;400;50;50;instances/DSJC500.5.col;1;1;500;62624
158;10419717;0;400;50;50;instances/DSJC500.5.col;1;1;500;62624
157;16111737;40;400;50;50;instances/DSJC500.5.col;1;1;500;62624
154;15558259;36;400;50;50;instances/DSJC500.5.col;1;1;500;62624
156;21632272;78;400;50;50;instances/DSJC500.5.col;1;1;500;62624
160;10438905;0;400;50;50;instances/DSJC500.5.col;1;1;500;62624
154;15140293;33;400;50;50;instances/DSJC500.5.col;1;1;500;62624
151;17859110;33;400;50;70;instances/DSJC500.5.col;1;1;500;62624
154;23751053;74;400;50;70;instances/DSJC500.5.col;1;1;500;62624
146;23410478;71;400;50;70;instances/DSJC500.5.col;1;1;500;62624
154;13199323;0;400;50;70;instances/DSJC500.5.col;1;1;500;62624
159;16275365;21;400;50;70;instances/DSJC500.5.col;1;1;500;62624
159;17263896;29;400;50;70;instances/DSJC500.5.col;1;1;500;62624
161;13844833;0;400;50;70;instances/DSJC500.5.col;1;1;500;62624
159;23148051;66;400;50;70;instances/DSJC500.5.col;1;1;500;62624
154;23609861;71;400;50;70;instances/DSJC500.5.col;1;1;500;62624
160;19341203;43;400;50;70;instances/DSJC500.5.col;1;1;500;62624
158;20401643;41;400;50;80;instances/DSJC500.5.col;1;1;500;62624
157;16713459;15;400;50;80;instances/DSJC500.5.col;1;1;500;62624
158;21457651;49;400;50;80;instances/DSJC500.5.col;1;1;500;62624
143;19485577;34;400;50;80;instances/DSJC500.5.col;1;1;500;62624
158;20641333;43;400;50;80;instances/DSJC500.5.col;1;1;500;62624
155;20190181;39;400;50;80;instances/DSJC500.5.col;1;1;500;62624
157;20503851;41;400;50;80;instances/DSJC500.5.col;1;1;500;62624
159;18786269;29;400;50;80;instances/DSJC500.5.col;1;1;500;62624
158;19979779;38;400;50;80;instances/DSJC500.5.col;1;1;500;62624
161;21685172;49;400;50;80;instances/DSJC500.5.col;1;1;500;62624
