418;8238;instances/DSJC1000.1.col;1000;49629
418;7705;instances/DSJC1000.1.col;1000;49629
418;8407;instances/DSJC1000.1.col;1000;49629
418;7729;instances/DSJC1000.1.col;1000;49629
418;8062;instances/DSJC1000.1.col;1000;49629
418;9078;instances/DSJC1000.1.col;1000;49629
418;9383;instances/DSJC1000.1.col;1000;49629
418;9949;instances/DSJC1000.1.col;1000;49629
418;9303;instances/DSJC1000.1.col;1000;49629
418;9023;instances/DSJC1000.1.col;1000;49629
418;9976;instances/DSJC1000.1.col;1000;49629
418;10725;instances/DSJC1000.1.col;1000;49629
418;7700;instances/DSJC1000.1.col;1000;49629
418;11000;instances/DSJC1000.1.col;1000;49629
418;7842;instances/DSJC1000.1.col;1000;49629
418;8638;instances/DSJC1000.1.col;1000;49629
418;9340;instances/DSJC1000.1.col;1000;49629
418;8373;instances/DSJC1000.1.col;1000;49629
395;9398;instances/DSJC1000.1.col;1000;49629
395;9751;instances/DSJC1000.1.col;1000;49629
395;8554;instances/DSJC1000.1.col;1000;49629
395;9341;instances/DSJC1000.1.col;1000;49629
395;6043;instances/DSJC1000.1.col;1000;49629
395;6416;instances/DSJC1000.1.col;1000;49629
395;7816;instances/DSJC1000.1.col;1000;49629
395;8265;instances/DSJC1000.1.col;1000;49629
395;8514;instances/DSJC1000.1.col;1000;49629
395;8497;instances/DSJC1000.1.col;1000;49629
395;8459;instances/DSJC1000.1.col;1000;49629
395;8742;instances/DSJC1000.1.col;1000;49629
