173;16204;instances/DSJR500.1c.col;500;121275
173;17092;instances/DSJR500.1c.col;500;121275
173;16033;instances/DSJR500.1c.col;500;121275
173;15825;instances/DSJR500.1c.col;500;121275
173;16561;instances/DSJR500.1c.col;500;121275
173;16333;instances/DSJR500.1c.col;500;121275
173;19845;instances/DSJR500.1c.col;500;121275
173;18861;instances/DSJR500.1c.col;500;121275
173;17372;instances/DSJR500.1c.col;500;121275
204;18302;instances/DSJR500.1c.col;500;121275
204;18103;instances/DSJR500.1c.col;500;121275
204;17653;instances/DSJR500.1c.col;500;121275
204;20338;instances/DSJR500.1c.col;500;121275
204;14568;instances/DSJR500.1c.col;500;121275
204;15314;instances/DSJR500.1c.col;500;121275
204;18850;instances/DSJR500.1c.col;500;121275
204;18215;instances/DSJR500.1c.col;500;121275
204;17251;instances/DSJR500.1c.col;500;121275
204;15986;instances/DSJR500.1c.col;500;121275
204;19219;instances/DSJR500.1c.col;500;121275
204;15569;instances/DSJR500.1c.col;500;121275
204;16053;instances/DSJR500.1c.col;500;121275
186;18642;instances/DSJR500.1c.col;500;121275
186;16877;instances/DSJR500.1c.col;500;121275
186;20296;instances/DSJR500.1c.col;500;121275
186;16569;instances/DSJR500.1c.col;500;121275
186;18493;instances/DSJR500.1c.col;500;121275
186;18524;instances/DSJR500.1c.col;500;121275
186;18986;instances/DSJR500.1c.col;500;121275
186;20679;instances/DSJR500.1c.col;500;121275
