130;4776;instances/le450_25c.col;450;17343
130;3595;instances/le450_25c.col;450;17343
130;3412;instances/le450_25c.col;450;17343
130;3297;instances/le450_25c.col;450;17343
130;3544;instances/le450_25c.col;450;17343
130;3165;instances/le450_25c.col;450;17343
130;3960;instances/le450_25c.col;450;17343
130;3582;instances/le450_25c.col;450;17343
130;3991;instances/le450_25c.col;450;17343
130;4560;instances/le450_25c.col;450;17343
130;4398;instances/le450_25c.col;450;17343
130;3852;instances/le450_25c.col;450;17343
130;4765;instances/le450_25c.col;450;17343
130;4191;instances/le450_25c.col;450;17343
130;5131;instances/le450_25c.col;450;17343
130;3534;instances/le450_25c.col;450;17343
130;3736;instances/le450_25c.col;450;17343
130;3296;instances/le450_25c.col;450;17343
130;3351;instances/le450_25c.col;450;17343
130;3391;instances/le450_25c.col;450;17343
130;4117;instances/le450_25c.col;450;17343
130;3484;instances/le450_25c.col;450;17343
130;3297;instances/le450_25c.col;450;17343
130;3421;instances/le450_25c.col;450;17343
130;3448;instances/le450_25c.col;450;17343
130;3659;instances/le450_25c.col;450;17343
130;3407;instances/le450_25c.col;450;17343
130;3631;instances/le450_25c.col;450;17343
130;3266;instances/le450_25c.col;450;17343
130;3686;instances/le450_25c.col;450;17343
