124;4257;instances/le450_25d.col;450;17425
124;3794;instances/le450_25d.col;450;17425
124;4107;instances/le450_25d.col;450;17425
124;4108;instances/le450_25d.col;450;17425
124;4117;instances/le450_25d.col;450;17425
124;3970;instances/le450_25d.col;450;17425
124;4251;instances/le450_25d.col;450;17425
124;4625;instances/le450_25d.col;450;17425
124;4080;instances/le450_25d.col;450;17425
124;3966;instances/le450_25d.col;450;17425
124;4177;instances/le450_25d.col;450;17425
124;3384;instances/le450_25d.col;450;17425
124;3862;instances/le450_25d.col;450;17425
124;4178;instances/le450_25d.col;450;17425
124;4221;instances/le450_25d.col;450;17425
124;4124;instances/le450_25d.col;450;17425
124;4015;instances/le450_25d.col;450;17425
124;3982;instances/le450_25d.col;450;17425
124;5036;instances/le450_25d.col;450;17425
124;4387;instances/le450_25d.col;450;17425
124;4321;instances/le450_25d.col;450;17425
124;4252;instances/le450_25d.col;450;17425
124;5523;instances/le450_25d.col;450;17425
124;4237;instances/le450_25d.col;450;17425
124;3283;instances/le450_25d.col;450;17425
124;3818;instances/le450_25d.col;450;17425
124;3953;instances/le450_25d.col;450;17425
124;4061;instances/le450_25d.col;450;17425
124;4428;instances/le450_25d.col;450;17425
124;4603;instances/le450_25d.col;450;17425
