342;4155;instances/le450_15d.col;450;16750
342;3206;instances/le450_15d.col;450;16750
342;3072;instances/le450_15d.col;450;16750
342;2991;instances/le450_15d.col;450;16750
342;4524;instances/le450_15d.col;450;16750
342;3013;instances/le450_15d.col;450;16750
342;3452;instances/le450_15d.col;450;16750
342;2944;instances/le450_15d.col;450;16750
342;3199;instances/le450_15d.col;450;16750
342;3036;instances/le450_15d.col;450;16750
342;2973;instances/le450_15d.col;450;16750
342;3183;instances/le450_15d.col;450;16750
342;3519;instances/le450_15d.col;450;16750
342;3419;instances/le450_15d.col;450;16750
342;4231;instances/le450_15d.col;450;16750
342;3803;instances/le450_15d.col;450;16750
342;3541;instances/le450_15d.col;450;16750
342;3923;instances/le450_15d.col;450;16750
342;3711;instances/le450_15d.col;450;16750
342;4341;instances/le450_15d.col;450;16750
342;4286;instances/le450_15d.col;450;16750
342;3962;instances/le450_15d.col;450;16750
342;3924;instances/le450_15d.col;450;16750
342;4186;instances/le450_15d.col;450;16750
344;3663;instances/le450_15d.col;450;16750
344;4155;instances/le450_15d.col;450;16750
344;3697;instances/le450_15d.col;450;16750
344;3881;instances/le450_15d.col;450;16750
344;3477;instances/le450_15d.col;450;16750
344;3669;instances/le450_15d.col;450;16750
