352;3790;instances/le450_15c.col;450;16680
352;2845;instances/le450_15c.col;450;16680
352;3164;instances/le450_15c.col;450;16680
352;3451;instances/le450_15c.col;450;16680
352;2990;instances/le450_15c.col;450;16680
352;2909;instances/le450_15c.col;450;16680
352;3181;instances/le450_15c.col;450;16680
352;3515;instances/le450_15c.col;450;16680
352;4003;instances/le450_15c.col;450;16680
352;4681;instances/le450_15c.col;450;16680
352;3827;instances/le450_15c.col;450;16680
352;3773;instances/le450_15c.col;450;16680
352;3321;instances/le450_15c.col;450;16680
352;3681;instances/le450_15c.col;450;16680
352;3586;instances/le450_15c.col;450;16680
352;3575;instances/le450_15c.col;450;16680
352;3621;instances/le450_15c.col;450;16680
352;3314;instances/le450_15c.col;450;16680
352;2186;instances/le450_15c.col;450;16680
352;2151;instances/le450_15c.col;450;16680
352;2210;instances/le450_15c.col;450;16680
352;2164;instances/le450_15c.col;450;16680
352;3471;instances/le450_15c.col;450;16680
352;3606;instances/le450_15c.col;450;16680
352;4032;instances/le450_15c.col;450;16680
352;5412;instances/le450_15c.col;450;16680
352;4002;instances/le450_15c.col;450;16680
352;3839;instances/le450_15c.col;450;16680
352;3870;instances/le450_15c.col;450;16680
352;5807;instances/le450_15c.col;450;16680
