243;175069;instances/qg.order100.col;10000;990000
243;170026;instances/qg.order100.col;10000;990000
242;162072;instances/qg.order100.col;10000;990000
242;180825;instances/qg.order100.col;10000;990000
264;173199;instances/qg.order100.col;10000;990000
240;221080;instances/qg.order100.col;10000;990000
240;201792;instances/qg.order100.col;10000;990000
250;189148;instances/qg.order100.col;10000;990000
257;176633;instances/qg.order100.col;10000;990000
257;196347;instances/qg.order100.col;10000;990000
237;185796;instances/qg.order100.col;10000;990000
250;168593;instances/qg.order100.col;10000;990000
250;187534;instances/qg.order100.col;10000;990000
248;195132;instances/qg.order100.col;10000;990000
255;192348;instances/qg.order100.col;10000;990000
255;190190;instances/qg.order100.col;10000;990000
238;186811;instances/qg.order100.col;10000;990000
259;180868;instances/qg.order100.col;10000;990000
259;180138;instances/qg.order100.col;10000;990000
242;217960;instances/qg.order100.col;10000;990000
244;190472;instances/qg.order100.col;10000;990000
244;201239;instances/qg.order100.col;10000;990000
260;175409;instances/qg.order100.col;10000;990000
266;175296;instances/qg.order100.col;10000;990000
266;200083;instances/qg.order100.col;10000;990000
241;207589;instances/qg.order100.col;10000;990000
237;193748;instances/qg.order100.col;10000;990000
237;192738;instances/qg.order100.col;10000;990000
266;191374;instances/qg.order100.col;10000;990000
258;212369;instances/qg.order100.col;10000;990000
