55;1534041;0.1;10;15;one;instances/le450_15a.col;450;8168
50;1567181;0.1;10;15;one;instances/le450_15a.col;450;8168
54;1526621;0.1;10;15;one;instances/le450_15a.col;450;8168
50;1549153;0.1;10;15;one;instances/le450_15a.col;450;8168
53;1545492;0.1;10;15;one;instances/le450_15a.col;450;8168
56;1533178;0.1;10;15;one;instances/le450_15a.col;450;8168
56;1512339;0.1;10;15;one;instances/le450_15a.col;450;8168
57;1533191;0.1;10;15;one;instances/le450_15a.col;450;8168
51;1555759;0.1;10;15;one;instances/le450_15a.col;450;8168
54;1492871;0.1;10;15;one;instances/le450_15a.col;450;8168
58;1518417;0.1;10;15;one;instances/le450_15a.col;450;8168
54;1568184;0.1;10;15;one;instances/le450_15a.col;450;8168
56;1531306;0.1;10;15;one;instances/le450_15a.col;450;8168
51;1517689;0.1;10;15;one;instances/le450_15a.col;450;8168
58;1557724;0.1;10;15;one;instances/le450_15a.col;450;8168
54;1532007;0.1;10;15;one;instances/le450_15a.col;450;8168
59;1479825;0.1;10;15;one;instances/le450_15a.col;450;8168
53;1553068;0.1;10;15;one;instances/le450_15a.col;450;8168
56;1503813;0.1;10;15;one;instances/le450_15a.col;450;8168
55;1525213;0.1;10;15;one;instances/le450_15a.col;450;8168
59;1537467;0.2;10;15;one;instances/le450_15a.col;450;8168
55;1615594;0.2;10;15;one;instances/le450_15a.col;450;8168
54;1545953;0.2;10;15;one;instances/le450_15a.col;450;8168
48;1563996;0.2;10;15;one;instances/le450_15a.col;450;8168
51;1562899;0.2;10;15;one;instances/le450_15a.col;450;8168
56;1547456;0.2;10;15;one;instances/le450_15a.col;450;8168
54;1535476;0.2;10;15;one;instances/le450_15a.col;450;8168
61;1518283;0.2;10;15;one;instances/le450_15a.col;450;8168
53;1541244;0.2;10;15;one;instances/le450_15a.col;450;8168
56;1562450;0.2;10;15;one;instances/le450_15a.col;450;8168
49;1592181;0.2;10;15;one;instances/le450_15a.col;450;8168
56;1494487;0.2;10;15;one;instances/le450_15a.col;450;8168
51;1547119;0.2;10;15;one;instances/le450_15a.col;450;8168
53;1538059;0.2;10;15;one;instances/le450_15a.col;450;8168
57;1520158;0.2;10;15;one;instances/le450_15a.col;450;8168
55;1524279;0.2;10;15;one;instances/le450_15a.col;450;8168
54;1563523;0.2;10;15;one;instances/le450_15a.col;450;8168
52;1573465;0.2;10;15;one;instances/le450_15a.col;450;8168
58;1579996;0.2;10;15;one;instances/le450_15a.col;450;8168
54;1518306;0.2;10;15;one;instances/le450_15a.col;450;8168
54;1535784;0.3;10;15;one;instances/le450_15a.col;450;8168
52;1516405;0.3;10;15;one;instances/le450_15a.col;450;8168
56;1609723;0.3;10;15;one;instances/le450_15a.col;450;8168
56;1520877;0.3;10;15;one;instances/le450_15a.col;450;8168
51;1559903;0.3;10;15;one;instances/le450_15a.col;450;8168
53;1515717;0.3;10;15;one;instances/le450_15a.col;450;8168
58;1521795;0.3;10;15;one;instances/le450_15a.col;450;8168
57;1500937;0.3;10;15;one;instances/le450_15a.col;450;8168
58;1530577;0.3;10;15;one;instances/le450_15a.col;450;8168
54;1531751;0.3;10;15;one;instances/le450_15a.col;450;8168
54;1544592;0.3;10;15;one;instances/le450_15a.col;450;8168
54;1537284;0.3;10;15;one;instances/le450_15a.col;450;8168
53;1550518;0.3;10;15;one;instances/le450_15a.col;450;8168
56;1512040;0.3;10;15;one;instances/le450_15a.col;450;8168
50;1547566;0.3;10;15;one;instances/le450_15a.col;450;8168
52;1548225;0.3;10;15;one;instances/le450_15a.col;450;8168
58;1535745;0.3;10;15;one;instances/le450_15a.col;450;8168
59;1497831;0.3;10;15;one;instances/le450_15a.col;450;8168
50;1532915;0.3;10;15;one;instances/le450_15a.col;450;8168
48;1614796;0.3;10;15;one;instances/le450_15a.col;450;8168
53;1517138;0.4;10;15;one;instances/le450_15a.col;450;8168
52;1527282;0.4;10;15;one;instances/le450_15a.col;450;8168
58;1518539;0.4;10;15;one;instances/le450_15a.col;450;8168
55;1537112;0.4;10;15;one;instances/le450_15a.col;450;8168
52;1490680;0.4;10;15;one;instances/le450_15a.col;450;8168
53;1530495;0.4;10;15;one;instances/le450_15a.col;450;8168
57;1552118;0.4;10;15;one;instances/le450_15a.col;450;8168
56;1505003;0.4;10;15;one;instances/le450_15a.col;450;8168
53;1530063;0.4;10;15;one;instances/le450_15a.col;450;8168
53;1547091;0.4;10;15;one;instances/le450_15a.col;450;8168
57;1559629;0.4;10;15;one;instances/le450_15a.col;450;8168
54;1491323;0.4;10;15;one;instances/le450_15a.col;450;8168
59;1512070;0.4;10;15;one;instances/le450_15a.col;450;8168
56;1508290;0.4;10;15;one;instances/le450_15a.col;450;8168
57;1547494;0.4;10;15;one;instances/le450_15a.col;450;8168
55;1575437;0.4;10;15;one;instances/le450_15a.col;450;8168
51;1546442;0.4;10;15;one;instances/le450_15a.col;450;8168
53;1562425;0.4;10;15;one;instances/le450_15a.col;450;8168
55;1514969;0.4;10;15;one;instances/le450_15a.col;450;8168
55;1576850;0.4;10;15;one;instances/le450_15a.col;450;8168
53;1590777;0.5;10;15;one;instances/le450_15a.col;450;8168
55;1564601;0.5;10;15;one;instances/le450_15a.col;450;8168
53;1510302;0.5;10;15;one;instances/le450_15a.col;450;8168
56;1524379;0.5;10;15;one;instances/le450_15a.col;450;8168
50;1572609;0.5;10;15;one;instances/le450_15a.col;450;8168
49;1518759;0.5;10;15;one;instances/le450_15a.col;450;8168
56;1565646;0.5;10;15;one;instances/le450_15a.col;450;8168
48;1551181;0.5;10;15;one;instances/le450_15a.col;450;8168
56;1550061;0.5;10;15;one;instances/le450_15a.col;450;8168
54;1560222;0.5;10;15;one;instances/le450_15a.col;450;8168
54;1543933;0.5;10;15;one;instances/le450_15a.col;450;8168
52;1545594;0.5;10;15;one;instances/le450_15a.col;450;8168
54;1553180;0.5;10;15;one;instances/le450_15a.col;450;8168
55;1555426;0.5;10;15;one;instances/le450_15a.col;450;8168
56;1562622;0.5;10;15;one;instances/le450_15a.col;450;8168
56;1531721;0.5;10;15;one;instances/le450_15a.col;450;8168
57;1542897;0.5;10;15;one;instances/le450_15a.col;450;8168
56;1548872;0.5;10;15;one;instances/le450_15a.col;450;8168
55;1530706;0.5;10;15;one;instances/le450_15a.col;450;8168
50;1592979;0.5;10;15;one;instances/le450_15a.col;450;8168
55;1545237;0.6;10;15;one;instances/le450_15a.col;450;8168
56;1528226;0.6;10;15;one;instances/le450_15a.col;450;8168
56;1534839;0.6;10;15;one;instances/le450_15a.col;450;8168
54;1568263;0.6;10;15;one;instances/le450_15a.col;450;8168
55;1541257;0.6;10;15;one;instances/le450_15a.col;450;8168
55;1534317;0.6;10;15;one;instances/le450_15a.col;450;8168
53;1547725;0.6;10;15;one;instances/le450_15a.col;450;8168
54;1539945;0.6;10;15;one;instances/le450_15a.col;450;8168
50;1562395;0.6;10;15;one;instances/le450_15a.col;450;8168
57;1552862;0.6;10;15;one;instances/le450_15a.col;450;8168
51;1570247;0.6;10;15;one;instances/le450_15a.col;450;8168
58;1547270;0.6;10;15;one;instances/le450_15a.col;450;8168
50;1541469;0.6;10;15;one;instances/le450_15a.col;450;8168
59;1537377;0.6;10;15;one;instances/le450_15a.col;450;8168
52;1554751;0.6;10;15;one;instances/le450_15a.col;450;8168
53;1564464;0.6;10;15;one;instances/le450_15a.col;450;8168
54;1547964;0.6;10;15;one;instances/le450_15a.col;450;8168
56;1556318;0.6;10;15;one;instances/le450_15a.col;450;8168
56;1586339;0.6;10;15;one;instances/le450_15a.col;450;8168
55;1534609;0.6;10;15;one;instances/le450_15a.col;450;8168
55;1598025;0.7;10;15;one;instances/le450_15a.col;450;8168
54;1569030;0.7;10;15;one;instances/le450_15a.col;450;8168
55;1540325;0.7;10;15;one;instances/le450_15a.col;450;8168
50;1573678;0.7;10;15;one;instances/le450_15a.col;450;8168
57;1580474;0.7;10;15;one;instances/le450_15a.col;450;8168
57;1575973;0.7;10;15;one;instances/le450_15a.col;450;8168
51;1565425;0.7;10;15;one;instances/le450_15a.col;450;8168
56;1573908;0.7;10;15;one;instances/le450_15a.col;450;8168
55;1643242;0.7;10;15;one;instances/le450_15a.col;450;8168
58;1559411;0.7;10;15;one;instances/le450_15a.col;450;8168
55;1572398;0.7;10;15;one;instances/le450_15a.col;450;8168
51;1553309;0.7;10;15;one;instances/le450_15a.col;450;8168
58;1551811;0.7;10;15;one;instances/le450_15a.col;450;8168
53;1558460;0.7;10;15;one;instances/le450_15a.col;450;8168
56;1557476;0.7;10;15;one;instances/le450_15a.col;450;8168
59;1552622;0.7;10;15;one;instances/le450_15a.col;450;8168
54;1567244;0.7;10;15;one;instances/le450_15a.col;450;8168
55;1583984;0.7;10;15;one;instances/le450_15a.col;450;8168
54;1571801;0.7;10;15;one;instances/le450_15a.col;450;8168
54;1533697;0.7;10;15;one;instances/le450_15a.col;450;8168
52;1546316;0.8;10;15;one;instances/le450_15a.col;450;8168
57;1560010;0.8;10;15;one;instances/le450_15a.col;450;8168
55;1555223;0.8;10;15;one;instances/le450_15a.col;450;8168
57;1587962;0.8;10;15;one;instances/le450_15a.col;450;8168
52;1579667;0.8;10;15;one;instances/le450_15a.col;450;8168
51;1564567;0.8;10;15;one;instances/le450_15a.col;450;8168
44;1611830;0.8;10;15;one;instances/le450_15a.col;450;8168
56;1568223;0.8;10;15;one;instances/le450_15a.col;450;8168
53;1526933;0.8;10;15;one;instances/le450_15a.col;450;8168
51;1544528;0.8;10;15;one;instances/le450_15a.col;450;8168
52;1549474;0.8;10;15;one;instances/le450_15a.col;450;8168
59;1557519;0.8;10;15;one;instances/le450_15a.col;450;8168
54;1585647;0.8;10;15;one;instances/le450_15a.col;450;8168
54;1627876;0.8;10;15;one;instances/le450_15a.col;450;8168
56;1583220;0.8;10;15;one;instances/le450_15a.col;450;8168
55;1660634;0.8;10;15;one;instances/le450_15a.col;450;8168
49;1683438;0.8;10;15;one;instances/le450_15a.col;450;8168
55;1636556;0.8;10;15;one;instances/le450_15a.col;450;8168
54;1643593;0.8;10;15;one;instances/le450_15a.col;450;8168
57;1638680;0.8;10;15;one;instances/le450_15a.col;450;8168
48;1627079;0.9;10;15;one;instances/le450_15a.col;450;8168
55;1558206;0.9;10;15;one;instances/le450_15a.col;450;8168
53;1590345;0.9;10;15;one;instances/le450_15a.col;450;8168
55;1627093;0.9;10;15;one;instances/le450_15a.col;450;8168
55;1606962;0.9;10;15;one;instances/le450_15a.col;450;8168
56;1620813;0.9;10;15;one;instances/le450_15a.col;450;8168
49;1594683;0.9;10;15;one;instances/le450_15a.col;450;8168
56;1645613;0.9;10;15;one;instances/le450_15a.col;450;8168
59;1580887;0.9;10;15;one;instances/le450_15a.col;450;8168
56;1560997;0.9;10;15;one;instances/le450_15a.col;450;8168
50;1560299;0.9;10;15;one;instances/le450_15a.col;450;8168
57;1549922;0.9;10;15;one;instances/le450_15a.col;450;8168
53;1567010;0.9;10;15;one;instances/le450_15a.col;450;8168
54;1631925;0.9;10;15;one;instances/le450_15a.col;450;8168
59;1583163;0.9;10;15;one;instances/le450_15a.col;450;8168
52;1573097;0.9;10;15;one;instances/le450_15a.col;450;8168
55;1590285;0.9;10;15;one;instances/le450_15a.col;450;8168
55;1566493;0.9;10;15;one;instances/le450_15a.col;450;8168
54;1555153;0.9;10;15;one;instances/le450_15a.col;450;8168
54;1561405;0.9;10;15;one;instances/le450_15a.col;450;8168
50;1715222;1;10;15;one;instances/le450_15a.col;450;8168
44;1768238;1;10;15;one;instances/le450_15a.col;450;8168
46;1755392;1;10;15;one;instances/le450_15a.col;450;8168
49;1724898;1;10;15;one;instances/le450_15a.col;450;8168
50;1786260;1;10;15;one;instances/le450_15a.col;450;8168
50;1749156;1;10;15;one;instances/le450_15a.col;450;8168
50;1759295;1;10;15;one;instances/le450_15a.col;450;8168
52;1743526;1;10;15;one;instances/le450_15a.col;450;8168
51;1717460;1;10;15;one;instances/le450_15a.col;450;8168
50;1751494;1;10;15;one;instances/le450_15a.col;450;8168
52;1749599;1;10;15;one;instances/le450_15a.col;450;8168
50;1729735;1;10;15;one;instances/le450_15a.col;450;8168
51;1737808;1;10;15;one;instances/le450_15a.col;450;8168
52;1755647;1;10;15;one;instances/le450_15a.col;450;8168
47;1773414;1;10;15;one;instances/le450_15a.col;450;8168
52;1733973;1;10;15;one;instances/le450_15a.col;450;8168
50;1776156;1;10;15;one;instances/le450_15a.col;450;8168
51;1794175;1;10;15;one;instances/le450_15a.col;450;8168
52;1773184;1;10;15;one;instances/le450_15a.col;450;8168
49;1744387;1;10;15;one;instances/le450_15a.col;450;8168
53;15992079;0.1;100;15;one;instances/le450_15a.col;450;8168
51;15855724;0.1;100;15;one;instances/le450_15a.col;450;8168
51;15784610;0.1;100;15;one;instances/le450_15a.col;450;8168
49;15815474;0.1;100;15;one;instances/le450_15a.col;450;8168
50;15894618;0.1;100;15;one;instances/le450_15a.col;450;8168
49;15821563;0.1;100;15;one;instances/le450_15a.col;450;8168
51;15819276;0.1;100;15;one;instances/le450_15a.col;450;8168
46;15809099;0.1;100;15;one;instances/le450_15a.col;450;8168
50;15810550;0.1;100;15;one;instances/le450_15a.col;450;8168
50;15678766;0.1;100;15;one;instances/le450_15a.col;450;8168
53;15729668;0.1;100;15;one;instances/le450_15a.col;450;8168
50;15839298;0.1;100;15;one;instances/le450_15a.col;450;8168
50;15779027;0.1;100;15;one;instances/le450_15a.col;450;8168
52;15605404;0.1;100;15;one;instances/le450_15a.col;450;8168
51;15786149;0.1;100;15;one;instances/le450_15a.col;450;8168
52;15848216;0.1;100;15;one;instances/le450_15a.col;450;8168
53;15971847;0.1;100;15;one;instances/le450_15a.col;450;8168
50;15705623;0.1;100;15;one;instances/le450_15a.col;450;8168
51;15832886;0.1;100;15;one;instances/le450_15a.col;450;8168
50;15917661;0.1;100;15;one;instances/le450_15a.col;450;8168
49;15875813;0.2;100;15;one;instances/le450_15a.col;450;8168
54;15705655;0.2;100;15;one;instances/le450_15a.col;450;8168
50;15661684;0.2;100;15;one;instances/le450_15a.col;450;8168
48;15936403;0.2;100;15;one;instances/le450_15a.col;450;8168
47;15795116;0.2;100;15;one;instances/le450_15a.col;450;8168
52;15562450;0.2;100;15;one;instances/le450_15a.col;450;8168
50;15814008;0.2;100;15;one;instances/le450_15a.col;450;8168
51;15829095;0.2;100;15;one;instances/le450_15a.col;450;8168
50;15701278;0.2;100;15;one;instances/le450_15a.col;450;8168
52;15831802;0.2;100;15;one;instances/le450_15a.col;450;8168
50;15701316;0.2;100;15;one;instances/le450_15a.col;450;8168
47;15907686;0.2;100;15;one;instances/le450_15a.col;450;8168
51;15755000;0.2;100;15;one;instances/le450_15a.col;450;8168
49;15794162;0.2;100;15;one;instances/le450_15a.col;450;8168
49;15567064;0.2;100;15;one;instances/le450_15a.col;450;8168
49;15712271;0.2;100;15;one;instances/le450_15a.col;450;8168
52;15674748;0.2;100;15;one;instances/le450_15a.col;450;8168
52;15631380;0.2;100;15;one;instances/le450_15a.col;450;8168
51;15654114;0.2;100;15;one;instances/le450_15a.col;450;8168
50;15625583;0.2;100;15;one;instances/le450_15a.col;450;8168
52;15607757;0.3;100;15;one;instances/le450_15a.col;450;8168
52;15956243;0.3;100;15;one;instances/le450_15a.col;450;8168
50;15813976;0.3;100;15;one;instances/le450_15a.col;450;8168
49;15931419;0.3;100;15;one;instances/le450_15a.col;450;8168
48;15812171;0.3;100;15;one;instances/le450_15a.col;450;8168
50;15779780;0.3;100;15;one;instances/le450_15a.col;450;8168
52;15756408;0.3;100;15;one;instances/le450_15a.col;450;8168
53;15722235;0.3;100;15;one;instances/le450_15a.col;450;8168
52;15762199;0.3;100;15;one;instances/le450_15a.col;450;8168
51;15593672;0.3;100;15;one;instances/le450_15a.col;450;8168
51;15833756;0.3;100;15;one;instances/le450_15a.col;450;8168
52;15686567;0.3;100;15;one;instances/le450_15a.col;450;8168
53;15805005;0.3;100;15;one;instances/le450_15a.col;450;8168
50;16009125;0.3;100;15;one;instances/le450_15a.col;450;8168
50;15738479;0.3;100;15;one;instances/le450_15a.col;450;8168
53;15717455;0.3;100;15;one;instances/le450_15a.col;450;8168
52;15833739;0.3;100;15;one;instances/le450_15a.col;450;8168
49;15664615;0.3;100;15;one;instances/le450_15a.col;450;8168
51;15781879;0.3;100;15;one;instances/le450_15a.col;450;8168
50;15791290;0.3;100;15;one;instances/le450_15a.col;450;8168
50;15894140;0.4;100;15;one;instances/le450_15a.col;450;8168
49;15717725;0.4;100;15;one;instances/le450_15a.col;450;8168
52;15810671;0.4;100;15;one;instances/le450_15a.col;450;8168
49;15549009;0.4;100;15;one;instances/le450_15a.col;450;8168
52;15694409;0.4;100;15;one;instances/le450_15a.col;450;8168
51;15542744;0.4;100;15;one;instances/le450_15a.col;450;8168
48;15778614;0.4;100;15;one;instances/le450_15a.col;450;8168
50;15698076;0.4;100;15;one;instances/le450_15a.col;450;8168
53;15889296;0.4;100;15;one;instances/le450_15a.col;450;8168
49;15808330;0.4;100;15;one;instances/le450_15a.col;450;8168
52;15968691;0.4;100;15;one;instances/le450_15a.col;450;8168
45;15702816;0.4;100;15;one;instances/le450_15a.col;450;8168
51;15997969;0.4;100;15;one;instances/le450_15a.col;450;8168
48;15854254;0.4;100;15;one;instances/le450_15a.col;450;8168
50;15909882;0.4;100;15;one;instances/le450_15a.col;450;8168
52;15835370;0.4;100;15;one;instances/le450_15a.col;450;8168
49;15873611;0.4;100;15;one;instances/le450_15a.col;450;8168
52;15647156;0.4;100;15;one;instances/le450_15a.col;450;8168
50;15810585;0.4;100;15;one;instances/le450_15a.col;450;8168
52;15640979;0.4;100;15;one;instances/le450_15a.col;450;8168
50;15670840;0.5;100;15;one;instances/le450_15a.col;450;8168
47;15681526;0.5;100;15;one;instances/le450_15a.col;450;8168
50;15802338;0.5;100;15;one;instances/le450_15a.col;450;8168
44;15705543;0.5;100;15;one;instances/le450_15a.col;450;8168
52;15722588;0.5;100;15;one;instances/le450_15a.col;450;8168
52;15567110;0.5;100;15;one;instances/le450_15a.col;450;8168
52;15866709;0.5;100;15;one;instances/le450_15a.col;450;8168
50;15606533;0.5;100;15;one;instances/le450_15a.col;450;8168
49;15707825;0.5;100;15;one;instances/le450_15a.col;450;8168
52;15796561;0.5;100;15;one;instances/le450_15a.col;450;8168
52;15862925;0.5;100;15;one;instances/le450_15a.col;450;8168
53;15878684;0.5;100;15;one;instances/le450_15a.col;450;8168
52;15867597;0.5;100;15;one;instances/le450_15a.col;450;8168
48;15711571;0.5;100;15;one;instances/le450_15a.col;450;8168
52;15734377;0.5;100;15;one;instances/le450_15a.col;450;8168
48;15639704;0.5;100;15;one;instances/le450_15a.col;450;8168
50;15541783;0.5;100;15;one;instances/le450_15a.col;450;8168
51;15695052;0.5;100;15;one;instances/le450_15a.col;450;8168
52;15626236;0.5;100;15;one;instances/le450_15a.col;450;8168
51;15752223;0.5;100;15;one;instances/le450_15a.col;450;8168
50;15668136;0.6;100;15;one;instances/le450_15a.col;450;8168
51;15905413;0.6;100;15;one;instances/le450_15a.col;450;8168
45;15625786;0.6;100;15;one;instances/le450_15a.col;450;8168
51;15843521;0.6;100;15;one;instances/le450_15a.col;450;8168
53;15682988;0.6;100;15;one;instances/le450_15a.col;450;8168
48;15777425;0.6;100;15;one;instances/le450_15a.col;450;8168
52;15670849;0.6;100;15;one;instances/le450_15a.col;450;8168
50;15954026;0.6;100;15;one;instances/le450_15a.col;450;8168
50;15626322;0.6;100;15;one;instances/le450_15a.col;450;8168
49;15835778;0.6;100;15;one;instances/le450_15a.col;450;8168
49;15845545;0.6;100;15;one;instances/le450_15a.col;450;8168
50;15981324;0.6;100;15;one;instances/le450_15a.col;450;8168
50;15637645;0.6;100;15;one;instances/le450_15a.col;450;8168
46;15831632;0.6;100;15;one;instances/le450_15a.col;450;8168
51;15704419;0.6;100;15;one;instances/le450_15a.col;450;8168
52;15801499;0.6;100;15;one;instances/le450_15a.col;450;8168
52;15649444;0.6;100;15;one;instances/le450_15a.col;450;8168
52;15884246;0.6;100;15;one;instances/le450_15a.col;450;8168
51;15784804;0.6;100;15;one;instances/le450_15a.col;450;8168
50;15906460;0.6;100;15;one;instances/le450_15a.col;450;8168
48;15802093;0.7;100;15;one;instances/le450_15a.col;450;8168
53;15821853;0.7;100;15;one;instances/le450_15a.col;450;8168
51;15766298;0.7;100;15;one;instances/le450_15a.col;450;8168
50;15951785;0.7;100;15;one;instances/le450_15a.col;450;8168
50;15735950;0.7;100;15;one;instances/le450_15a.col;450;8168
49;15787238;0.7;100;15;one;instances/le450_15a.col;450;8168
49;15570489;0.7;100;15;one;instances/le450_15a.col;450;8168
51;15699406;0.7;100;15;one;instances/le450_15a.col;450;8168
51;15628046;0.7;100;15;one;instances/le450_15a.col;450;8168
49;15831178;0.7;100;15;one;instances/le450_15a.col;450;8168
52;15885588;0.7;100;15;one;instances/le450_15a.col;450;8168
52;15956194;0.7;100;15;one;instances/le450_15a.col;450;8168
50;15753750;0.7;100;15;one;instances/le450_15a.col;450;8168
47;15780121;0.7;100;15;one;instances/le450_15a.col;450;8168
51;15706856;0.7;100;15;one;instances/le450_15a.col;450;8168
48;15732149;0.7;100;15;one;instances/le450_15a.col;450;8168
50;15785081;0.7;100;15;one;instances/le450_15a.col;450;8168
50;15776455;0.7;100;15;one;instances/le450_15a.col;450;8168
52;15858559;0.7;100;15;one;instances/le450_15a.col;450;8168
50;15618792;0.7;100;15;one;instances/le450_15a.col;450;8168
51;15900837;0.8;100;15;one;instances/le450_15a.col;450;8168
50;15777294;0.8;100;15;one;instances/le450_15a.col;450;8168
52;15783957;0.8;100;15;one;instances/le450_15a.col;450;8168
53;15640665;0.8;100;15;one;instances/le450_15a.col;450;8168
52;15735764;0.8;100;15;one;instances/le450_15a.col;450;8168
51;15633376;0.8;100;15;one;instances/le450_15a.col;450;8168
50;15616409;0.8;100;15;one;instances/le450_15a.col;450;8168
51;15706901;0.8;100;15;one;instances/le450_15a.col;450;8168
52;15884825;0.8;100;15;one;instances/le450_15a.col;450;8168
51;15659455;0.8;100;15;one;instances/le450_15a.col;450;8168
51;15833256;0.8;100;15;one;instances/le450_15a.col;450;8168
50;15686692;0.8;100;15;one;instances/le450_15a.col;450;8168
51;15957264;0.8;100;15;one;instances/le450_15a.col;450;8168
52;15772874;0.8;100;15;one;instances/le450_15a.col;450;8168
51;15894689;0.8;100;15;one;instances/le450_15a.col;450;8168
51;15571914;0.8;100;15;one;instances/le450_15a.col;450;8168
49;15763438;0.8;100;15;one;instances/le450_15a.col;450;8168
51;15775545;0.8;100;15;one;instances/le450_15a.col;450;8168
51;15817908;0.8;100;15;one;instances/le450_15a.col;450;8168
49;15604738;0.8;100;15;one;instances/le450_15a.col;450;8168
49;15835774;0.9;100;15;one;instances/le450_15a.col;450;8168
52;15678855;0.9;100;15;one;instances/le450_15a.col;450;8168
51;15856223;0.9;100;15;one;instances/le450_15a.col;450;8168
48;15657719;0.9;100;15;one;instances/le450_15a.col;450;8168
52;15791815;0.9;100;15;one;instances/le450_15a.col;450;8168
49;15721735;0.9;100;15;one;instances/le450_15a.col;450;8168
48;15960896;0.9;100;15;one;instances/le450_15a.col;450;8168
51;15799826;0.9;100;15;one;instances/le450_15a.col;450;8168
52;15984282;0.9;100;15;one;instances/le450_15a.col;450;8168
45;15653753;0.9;100;15;one;instances/le450_15a.col;450;8168
48;15791525;0.9;100;15;one;instances/le450_15a.col;450;8168
52;15604465;0.9;100;15;one;instances/le450_15a.col;450;8168
51;15690461;0.9;100;15;one;instances/le450_15a.col;450;8168
51;15559856;0.9;100;15;one;instances/le450_15a.col;450;8168
52;15595671;0.9;100;15;one;instances/le450_15a.col;450;8168
49;15607579;0.9;100;15;one;instances/le450_15a.col;450;8168
49;15941306;0.9;100;15;one;instances/le450_15a.col;450;8168
50;15618980;0.9;100;15;one;instances/le450_15a.col;450;8168
53;15867398;0.9;100;15;one;instances/le450_15a.col;450;8168
52;15717515;0.9;100;15;one;instances/le450_15a.col;450;8168
48;17672913;1;100;15;one;instances/le450_15a.col;450;8168
46;17364068;1;100;15;one;instances/le450_15a.col;450;8168
45;17544321;1;100;15;one;instances/le450_15a.col;450;8168
46;17481028;1;100;15;one;instances/le450_15a.col;450;8168
49;17908009;1;100;15;one;instances/le450_15a.col;450;8168
47;17458246;1;100;15;one;instances/le450_15a.col;450;8168
46;17980539;1;100;15;one;instances/le450_15a.col;450;8168
49;17577273;1;100;15;one;instances/le450_15a.col;450;8168
47;17776461;1;100;15;one;instances/le450_15a.col;450;8168
42;17628566;1;100;15;one;instances/le450_15a.col;450;8168
45;17669749;1;100;15;one;instances/le450_15a.col;450;8168
45;17555426;1;100;15;one;instances/le450_15a.col;450;8168
46;17577431;1;100;15;one;instances/le450_15a.col;450;8168
49;17673715;1;100;15;one;instances/le450_15a.col;450;8168
46;17475411;1;100;15;one;instances/le450_15a.col;450;8168
46;17686278;1;100;15;one;instances/le450_15a.col;450;8168
48;17624732;1;100;15;one;instances/le450_15a.col;450;8168
47;17750367;1;100;15;one;instances/le450_15a.col;450;8168
48;17585631;1;100;15;one;instances/le450_15a.col;450;8168
48;17675864;1;100;15;one;instances/le450_15a.col;450;8168
47;158394711;0.1;1000;15;one;instances/le450_15a.col;450;8168
49;157671669;0.1;1000;15;one;instances/le450_15a.col;450;8168
47;158076058;0.1;1000;15;one;instances/le450_15a.col;450;8168
44;157301862;0.1;1000;15;one;instances/le450_15a.col;450;8168
45;157084054;0.1;1000;15;one;instances/le450_15a.col;450;8168
48;157003727;0.1;1000;15;one;instances/le450_15a.col;450;8168
47;157170957;0.1;1000;15;one;instances/le450_15a.col;450;8168
46;157308816;0.1;1000;15;one;instances/le450_15a.col;450;8168
46;156774241;0.1;1000;15;one;instances/le450_15a.col;450;8168
46;158094146;0.1;1000;15;one;instances/le450_15a.col;450;8168
46;158136991;0.1;1000;15;one;instances/le450_15a.col;450;8168
45;159026076;0.1;1000;15;one;instances/le450_15a.col;450;8168
47;157397716;0.1;1000;15;one;instances/le450_15a.col;450;8168
49;157164298;0.1;1000;15;one;instances/le450_15a.col;450;8168
47;158063433;0.1;1000;15;one;instances/le450_15a.col;450;8168
48;158801663;0.1;1000;15;one;instances/le450_15a.col;450;8168
47;157888020;0.1;1000;15;one;instances/le450_15a.col;450;8168
48;158240997;0.1;1000;15;one;instances/le450_15a.col;450;8168
47;157546478;0.1;1000;15;one;instances/le450_15a.col;450;8168
48;157189761;0.1;1000;15;one;instances/le450_15a.col;450;8168
49;158131209;0.2;1000;15;one;instances/le450_15a.col;450;8168
49;158678967;0.2;1000;15;one;instances/le450_15a.col;450;8168
44;157639104;0.2;1000;15;one;instances/le450_15a.col;450;8168
44;157731481;0.2;1000;15;one;instances/le450_15a.col;450;8168
49;157795674;0.2;1000;15;one;instances/le450_15a.col;450;8168
47;157623552;0.2;1000;15;one;instances/le450_15a.col;450;8168
47;157985374;0.2;1000;15;one;instances/le450_15a.col;450;8168
50;157257576;0.2;1000;15;one;instances/le450_15a.col;450;8168
48;157758844;0.2;1000;15;one;instances/le450_15a.col;450;8168
46;157116853;0.2;1000;15;one;instances/le450_15a.col;450;8168
47;157570230;0.2;1000;15;one;instances/le450_15a.col;450;8168
47;157697788;0.2;1000;15;one;instances/le450_15a.col;450;8168
46;158413549;0.2;1000;15;one;instances/le450_15a.col;450;8168
48;159357526;0.2;1000;15;one;instances/le450_15a.col;450;8168
44;158276325;0.2;1000;15;one;instances/le450_15a.col;450;8168
46;157969749;0.2;1000;15;one;instances/le450_15a.col;450;8168
46;158460936;0.2;1000;15;one;instances/le450_15a.col;450;8168
44;158292747;0.2;1000;15;one;instances/le450_15a.col;450;8168
49;158315797;0.2;1000;15;one;instances/le450_15a.col;450;8168
48;157521805;0.2;1000;15;one;instances/le450_15a.col;450;8168
49;158461153;0.3;1000;15;one;instances/le450_15a.col;450;8168
49;158163578;0.3;1000;15;one;instances/le450_15a.col;450;8168
47;157987004;0.3;1000;15;one;instances/le450_15a.col;450;8168
48;158619054;0.3;1000;15;one;instances/le450_15a.col;450;8168
47;158225644;0.3;1000;15;one;instances/le450_15a.col;450;8168
49;158091437;0.3;1000;15;one;instances/le450_15a.col;450;8168
48;157570339;0.3;1000;15;one;instances/le450_15a.col;450;8168
47;158848439;0.3;1000;15;one;instances/le450_15a.col;450;8168
49;159638647;0.3;1000;15;one;instances/le450_15a.col;450;8168
47;158103129;0.3;1000;15;one;instances/le450_15a.col;450;8168
47;157034041;0.3;1000;15;one;instances/le450_15a.col;450;8168
46;157945951;0.3;1000;15;one;instances/le450_15a.col;450;8168
43;158001817;0.3;1000;15;one;instances/le450_15a.col;450;8168
49;157510530;0.3;1000;15;one;instances/le450_15a.col;450;8168
48;158143369;0.3;1000;15;one;instances/le450_15a.col;450;8168
47;156859087;0.3;1000;15;one;instances/le450_15a.col;450;8168
46;158075963;0.3;1000;15;one;instances/le450_15a.col;450;8168
47;157860589;0.3;1000;15;one;instances/le450_15a.col;450;8168
47;157818334;0.3;1000;15;one;instances/le450_15a.col;450;8168
48;157652846;0.3;1000;15;one;instances/le450_15a.col;450;8168
46;155993650;0.4;1000;15;one;instances/le450_15a.col;450;8168
48;158301462;0.4;1000;15;one;instances/le450_15a.col;450;8168
45;157706008;0.4;1000;15;one;instances/le450_15a.col;450;8168
48;157958901;0.4;1000;15;one;instances/le450_15a.col;450;8168
46;158273407;0.4;1000;15;one;instances/le450_15a.col;450;8168
48;157679966;0.4;1000;15;one;instances/le450_15a.col;450;8168
48;157888103;0.4;1000;15;one;instances/le450_15a.col;450;8168
48;158688623;0.4;1000;15;one;instances/le450_15a.col;450;8168
46;157939857;0.4;1000;15;one;instances/le450_15a.col;450;8168
47;158162336;0.4;1000;15;one;instances/le450_15a.col;450;8168
46;156946302;0.4;1000;15;one;instances/le450_15a.col;450;8168
48;159227065;0.4;1000;15;one;instances/le450_15a.col;450;8168
45;158657585;0.4;1000;15;one;instances/le450_15a.col;450;8168
42;158040830;0.4;1000;15;one;instances/le450_15a.col;450;8168
47;159470416;0.4;1000;15;one;instances/le450_15a.col;450;8168
47;156920295;0.4;1000;15;one;instances/le450_15a.col;450;8168
47;157958081;0.4;1000;15;one;instances/le450_15a.col;450;8168
47;158484804;0.4;1000;15;one;instances/le450_15a.col;450;8168
46;158135963;0.4;1000;15;one;instances/le450_15a.col;450;8168
46;157810405;0.4;1000;15;one;instances/le450_15a.col;450;8168
46;156284322;0.5;1000;15;one;instances/le450_15a.col;450;8168
47;157286566;0.5;1000;15;one;instances/le450_15a.col;450;8168
48;157848217;0.5;1000;15;one;instances/le450_15a.col;450;8168
48;158068651;0.5;1000;15;one;instances/le450_15a.col;450;8168
48;157521865;0.5;1000;15;one;instances/le450_15a.col;450;8168
48;156868944;0.5;1000;15;one;instances/le450_15a.col;450;8168
49;157693583;0.5;1000;15;one;instances/le450_15a.col;450;8168
50;167291799;0.5;1000;15;one;instances/le450_15a.col;450;8168
44;158265913;0.5;1000;15;one;instances/le450_15a.col;450;8168
46;157328551;0.5;1000;15;one;instances/le450_15a.col;450;8168
49;157490216;0.5;1000;15;one;instances/le450_15a.col;450;8168
47;157613218;0.5;1000;15;one;instances/le450_15a.col;450;8168
47;157692935;0.5;1000;15;one;instances/le450_15a.col;450;8168
47;158597420;0.5;1000;15;one;instances/le450_15a.col;450;8168
44;157327238;0.5;1000;15;one;instances/le450_15a.col;450;8168
47;159066965;0.5;1000;15;one;instances/le450_15a.col;450;8168
47;156618640;0.5;1000;15;one;instances/le450_15a.col;450;8168
45;156569260;0.5;1000;15;one;instances/le450_15a.col;450;8168
47;157635987;0.5;1000;15;one;instances/le450_15a.col;450;8168
48;157913221;0.5;1000;15;one;instances/le450_15a.col;450;8168
47;156569225;0.6;1000;15;one;instances/le450_15a.col;450;8168
43;157412044;0.6;1000;15;one;instances/le450_15a.col;450;8168
47;158758352;0.6;1000;15;one;instances/le450_15a.col;450;8168
48;157573723;0.6;1000;15;one;instances/le450_15a.col;450;8168
48;156839552;0.6;1000;15;one;instances/le450_15a.col;450;8168
49;157102422;0.6;1000;15;one;instances/le450_15a.col;450;8168
47;156726131;0.6;1000;15;one;instances/le450_15a.col;450;8168
49;158583134;0.6;1000;15;one;instances/le450_15a.col;450;8168
49;156305321;0.6;1000;15;one;instances/le450_15a.col;450;8168
46;156191429;0.6;1000;15;one;instances/le450_15a.col;450;8168
49;156349500;0.6;1000;15;one;instances/le450_15a.col;450;8168
48;156666280;0.6;1000;15;one;instances/le450_15a.col;450;8168
49;155738203;0.6;1000;15;one;instances/le450_15a.col;450;8168
46;157593596;0.6;1000;15;one;instances/le450_15a.col;450;8168
48;157473937;0.6;1000;15;one;instances/le450_15a.col;450;8168
49;156991274;0.6;1000;15;one;instances/le450_15a.col;450;8168
46;157122110;0.6;1000;15;one;instances/le450_15a.col;450;8168
47;157410171;0.6;1000;15;one;instances/le450_15a.col;450;8168
45;158644195;0.6;1000;15;one;instances/le450_15a.col;450;8168
45;158433534;0.6;1000;15;one;instances/le450_15a.col;450;8168
47;156078098;0.7;1000;15;one;instances/le450_15a.col;450;8168
46;157843553;0.7;1000;15;one;instances/le450_15a.col;450;8168
45;158043035;0.7;1000;15;one;instances/le450_15a.col;450;8168
51;158002017;0.7;1000;15;one;instances/le450_15a.col;450;8168
47;157675226;0.7;1000;15;one;instances/le450_15a.col;450;8168
46;158106515;0.7;1000;15;one;instances/le450_15a.col;450;8168
48;157937546;0.7;1000;15;one;instances/le450_15a.col;450;8168
49;158295302;0.7;1000;15;one;instances/le450_15a.col;450;8168
47;158222794;0.7;1000;15;one;instances/le450_15a.col;450;8168
45;157403373;0.7;1000;15;one;instances/le450_15a.col;450;8168
47;158886538;0.7;1000;15;one;instances/le450_15a.col;450;8168
46;157556057;0.7;1000;15;one;instances/le450_15a.col;450;8168
44;157457119;0.7;1000;15;one;instances/le450_15a.col;450;8168
43;156521961;0.7;1000;15;one;instances/le450_15a.col;450;8168
44;157315671;0.7;1000;15;one;instances/le450_15a.col;450;8168
49;158293070;0.7;1000;15;one;instances/le450_15a.col;450;8168
48;158940994;0.7;1000;15;one;instances/le450_15a.col;450;8168
48;156705280;0.7;1000;15;one;instances/le450_15a.col;450;8168
47;158037887;0.7;1000;15;one;instances/le450_15a.col;450;8168
43;158520600;0.7;1000;15;one;instances/le450_15a.col;450;8168
48;157598694;0.8;1000;15;one;instances/le450_15a.col;450;8168
48;156781363;0.8;1000;15;one;instances/le450_15a.col;450;8168
47;158285595;0.8;1000;15;one;instances/le450_15a.col;450;8168
43;156997286;0.8;1000;15;one;instances/le450_15a.col;450;8168
48;157005376;0.8;1000;15;one;instances/le450_15a.col;450;8168
48;157376071;0.8;1000;15;one;instances/le450_15a.col;450;8168
47;157582845;0.8;1000;15;one;instances/le450_15a.col;450;8168
48;158287080;0.8;1000;15;one;instances/le450_15a.col;450;8168
48;158373823;0.8;1000;15;one;instances/le450_15a.col;450;8168
50;155832797;0.8;1000;15;one;instances/le450_15a.col;450;8168
48;157215590;0.8;1000;15;one;instances/le450_15a.col;450;8168
48;157443739;0.8;1000;15;one;instances/le450_15a.col;450;8168
47;157237088;0.8;1000;15;one;instances/le450_15a.col;450;8168
46;157414196;0.8;1000;15;one;instances/le450_15a.col;450;8168
49;157773001;0.8;1000;15;one;instances/le450_15a.col;450;8168
48;157649415;0.8;1000;15;one;instances/le450_15a.col;450;8168
45;156816683;0.8;1000;15;one;instances/le450_15a.col;450;8168
48;155587041;0.8;1000;15;one;instances/le450_15a.col;450;8168
45;157377748;0.8;1000;15;one;instances/le450_15a.col;450;8168
48;157966910;0.8;1000;15;one;instances/le450_15a.col;450;8168
48;157616860;0.9;1000;15;one;instances/le450_15a.col;450;8168
47;155384089;0.9;1000;15;one;instances/le450_15a.col;450;8168
46;157580083;0.9;1000;15;one;instances/le450_15a.col;450;8168
48;158865083;0.9;1000;15;one;instances/le450_15a.col;450;8168
46;157113087;0.9;1000;15;one;instances/le450_15a.col;450;8168
49;156474471;0.9;1000;15;one;instances/le450_15a.col;450;8168
49;156414346;0.9;1000;15;one;instances/le450_15a.col;450;8168
48;156578894;0.9;1000;15;one;instances/le450_15a.col;450;8168
47;156647155;0.9;1000;15;one;instances/le450_15a.col;450;8168
48;156838212;0.9;1000;15;one;instances/le450_15a.col;450;8168
45;158041740;0.9;1000;15;one;instances/le450_15a.col;450;8168
48;155921463;0.9;1000;15;one;instances/le450_15a.col;450;8168
49;156712653;0.9;1000;15;one;instances/le450_15a.col;450;8168
47;156758106;0.9;1000;15;one;instances/le450_15a.col;450;8168
49;155652716;0.9;1000;15;one;instances/le450_15a.col;450;8168
47;157909827;0.9;1000;15;one;instances/le450_15a.col;450;8168
48;157973458;0.9;1000;15;one;instances/le450_15a.col;450;8168
47;157906811;0.9;1000;15;one;instances/le450_15a.col;450;8168
45;155973168;0.9;1000;15;one;instances/le450_15a.col;450;8168
47;156870021;0.9;1000;15;one;instances/le450_15a.col;450;8168
41;175266194;1;1000;15;one;instances/le450_15a.col;450;8168
45;175635657;1;1000;15;one;instances/le450_15a.col;450;8168
42;176586709;1;1000;15;one;instances/le450_15a.col;450;8168
40;173596859;1;1000;15;one;instances/le450_15a.col;450;8168
43;174472526;1;1000;15;one;instances/le450_15a.col;450;8168
43;174589624;1;1000;15;one;instances/le450_15a.col;450;8168
44;176480730;1;1000;15;one;instances/le450_15a.col;450;8168
44;173654729;1;1000;15;one;instances/le450_15a.col;450;8168
42;174932459;1;1000;15;one;instances/le450_15a.col;450;8168
43;174942076;1;1000;15;one;instances/le450_15a.col;450;8168
44;175385232;1;1000;15;one;instances/le450_15a.col;450;8168
44;178351543;1;1000;15;one;instances/le450_15a.col;450;8168
43;174753994;1;1000;15;one;instances/le450_15a.col;450;8168
43;173352349;1;1000;15;one;instances/le450_15a.col;450;8168
45;175922699;1;1000;15;one;instances/le450_15a.col;450;8168
44;175207289;1;1000;15;one;instances/le450_15a.col;450;8168
45;174407186;1;1000;15;one;instances/le450_15a.col;450;8168
42;173943962;1;1000;15;one;instances/le450_15a.col;450;8168
42;175655008;1;1000;15;one;instances/le450_15a.col;450;8168
43;174173539;1;1000;15;one;instances/le450_15a.col;450;8168
