64;4310198;0.1;10;15;swap;instances/le450_15a.col;450;8168
59;7343788;0.1;10;15;swap;instances/le450_15a.col;450;8168
55;4693991;0.1;10;15;swap;instances/le450_15a.col;450;8168
49;4283019;0.1;10;15;swap;instances/le450_15a.col;450;8168
57;4547889;0.1;10;15;swap;instances/le450_15a.col;450;8168
58;4116994;0.1;10;15;swap;instances/le450_15a.col;450;8168
59;4287844;0.1;10;15;swap;instances/le450_15a.col;450;8168
55;4720484;0.1;10;15;swap;instances/le450_15a.col;450;8168
59;7186144;0.1;10;15;swap;instances/le450_15a.col;450;8168
57;4349461;0.1;10;15;swap;instances/le450_15a.col;450;8168
56;4288611;0.1;10;15;swap;instances/le450_15a.col;450;8168
57;4358569;0.1;10;15;swap;instances/le450_15a.col;450;8168
57;4750895;0.1;10;15;swap;instances/le450_15a.col;450;8168
57;4294072;0.1;10;15;swap;instances/le450_15a.col;450;8168
57;5083942;0.1;10;15;swap;instances/le450_15a.col;450;8168
60;6874338;0.1;10;15;swap;instances/le450_15a.col;450;8168
53;4747794;0.1;10;15;swap;instances/le450_15a.col;450;8168
58;4200687;0.1;10;15;swap;instances/le450_15a.col;450;8168
55;4407197;0.1;10;15;swap;instances/le450_15a.col;450;8168
58;4779613;0.1;10;15;swap;instances/le450_15a.col;450;8168
60;4948934;0.2;10;15;swap;instances/le450_15a.col;450;8168
59;4277806;0.2;10;15;swap;instances/le450_15a.col;450;8168
55;6964555;0.2;10;15;swap;instances/le450_15a.col;450;8168
53;4251786;0.2;10;15;swap;instances/le450_15a.col;450;8168
59;4724897;0.2;10;15;swap;instances/le450_15a.col;450;8168
57;4010451;0.2;10;15;swap;instances/le450_15a.col;450;8168
59;3948296;0.2;10;15;swap;instances/le450_15a.col;450;8168
53;4200695;0.2;10;15;swap;instances/le450_15a.col;450;8168
57;4668186;0.2;10;15;swap;instances/le450_15a.col;450;8168
59;6414632;0.2;10;15;swap;instances/le450_15a.col;450;8168
60;4846807;0.2;10;15;swap;instances/le450_15a.col;450;8168
61;4471696;0.2;10;15;swap;instances/le450_15a.col;450;8168
59;4442800;0.2;10;15;swap;instances/le450_15a.col;450;8168
56;4110761;0.2;10;15;swap;instances/le450_15a.col;450;8168
58;4769585;0.2;10;15;swap;instances/le450_15a.col;450;8168
61;4054242;0.2;10;15;swap;instances/le450_15a.col;450;8168
56;4493386;0.2;10;15;swap;instances/le450_15a.col;450;8168
61;6759411;0.2;10;15;swap;instances/le450_15a.col;450;8168
58;4195543;0.2;10;15;swap;instances/le450_15a.col;450;8168
52;4357704;0.2;10;15;swap;instances/le450_15a.col;450;8168
58;4191158;0.3;10;15;swap;instances/le450_15a.col;450;8168
58;4604006;0.3;10;15;swap;instances/le450_15a.col;450;8168
54;4975398;0.3;10;15;swap;instances/le450_15a.col;450;8168
60;3623459;0.3;10;15;swap;instances/le450_15a.col;450;8168
60;7299853;0.3;10;15;swap;instances/le450_15a.col;450;8168
53;4235895;0.3;10;15;swap;instances/le450_15a.col;450;8168
56;4409567;0.3;10;15;swap;instances/le450_15a.col;450;8168
61;4319156;0.3;10;15;swap;instances/le450_15a.col;450;8168
59;4397594;0.3;10;15;swap;instances/le450_15a.col;450;8168
54;4594266;0.3;10;15;swap;instances/le450_15a.col;450;8168
57;3972471;0.3;10;15;swap;instances/le450_15a.col;450;8168
59;6840709;0.3;10;15;swap;instances/le450_15a.col;450;8168
60;4690801;0.3;10;15;swap;instances/le450_15a.col;450;8168
53;4264107;0.3;10;15;swap;instances/le450_15a.col;450;8168
61;3994709;0.3;10;15;swap;instances/le450_15a.col;450;8168
57;4193530;0.3;10;15;swap;instances/le450_15a.col;450;8168
55;4369483;0.3;10;15;swap;instances/le450_15a.col;450;8168
58;4698946;0.3;10;15;swap;instances/le450_15a.col;450;8168
61;4852172;0.3;10;15;swap;instances/le450_15a.col;450;8168
56;7534104;0.3;10;15;swap;instances/le450_15a.col;450;8168
56;4529216;0.4;10;15;swap;instances/le450_15a.col;450;8168
53;3995140;0.4;10;15;swap;instances/le450_15a.col;450;8168
58;3857864;0.4;10;15;swap;instances/le450_15a.col;450;8168
58;3795020;0.4;10;15;swap;instances/le450_15a.col;450;8168
59;4312277;0.4;10;15;swap;instances/le450_15a.col;450;8168
60;4632449;0.4;10;15;swap;instances/le450_15a.col;450;8168
57;6960168;0.4;10;15;swap;instances/le450_15a.col;450;8168
56;4666780;0.4;10;15;swap;instances/le450_15a.col;450;8168
55;4804409;0.4;10;15;swap;instances/le450_15a.col;450;8168
55;3705108;0.4;10;15;swap;instances/le450_15a.col;450;8168
58;4486411;0.4;10;15;swap;instances/le450_15a.col;450;8168
53;4890045;0.4;10;15;swap;instances/le450_15a.col;450;8168
60;4294379;0.4;10;15;swap;instances/le450_15a.col;450;8168
57;6839562;0.4;10;15;swap;instances/le450_15a.col;450;8168
58;4231844;0.4;10;15;swap;instances/le450_15a.col;450;8168
54;4198612;0.4;10;15;swap;instances/le450_15a.col;450;8168
57;4008668;0.4;10;15;swap;instances/le450_15a.col;450;8168
59;4399073;0.4;10;15;swap;instances/le450_15a.col;450;8168
53;3948481;0.4;10;15;swap;instances/le450_15a.col;450;8168
51;4318974;0.4;10;15;swap;instances/le450_15a.col;450;8168
56;4639147;0.5;10;15;swap;instances/le450_15a.col;450;8168
53;7546248;0.5;10;15;swap;instances/le450_15a.col;450;8168
56;4647835;0.5;10;15;swap;instances/le450_15a.col;450;8168
61;4154039;0.5;10;15;swap;instances/le450_15a.col;450;8168
52;3837011;0.5;10;15;swap;instances/le450_15a.col;450;8168
56;3837847;0.5;10;15;swap;instances/le450_15a.col;450;8168
56;4084006;0.5;10;15;swap;instances/le450_15a.col;450;8168
62;4049124;0.5;10;15;swap;instances/le450_15a.col;450;8168
58;4251712;0.5;10;15;swap;instances/le450_15a.col;450;8168
58;6935895;0.5;10;15;swap;instances/le450_15a.col;450;8168
53;4547813;0.5;10;15;swap;instances/le450_15a.col;450;8168
56;4083683;0.5;10;15;swap;instances/le450_15a.col;450;8168
52;4666143;0.5;10;15;swap;instances/le450_15a.col;450;8168
59;4338632;0.5;10;15;swap;instances/le450_15a.col;450;8168
55;4258428;0.5;10;15;swap;instances/le450_15a.col;450;8168
60;4182149;0.5;10;15;swap;instances/le450_15a.col;450;8168
51;7075809;0.5;10;15;swap;instances/le450_15a.col;450;8168
57;4747056;0.5;10;15;swap;instances/le450_15a.col;450;8168
56;4173246;0.5;10;15;swap;instances/le450_15a.col;450;8168
57;3927596;0.5;10;15;swap;instances/le450_15a.col;450;8168
61;3944174;0.6;10;15;swap;instances/le450_15a.col;450;8168
55;4146763;0.6;10;15;swap;instances/le450_15a.col;450;8168
60;4532945;0.6;10;15;swap;instances/le450_15a.col;450;8168
60;6908737;0.6;10;15;swap;instances/le450_15a.col;450;8168
58;4431319;0.6;10;15;swap;instances/le450_15a.col;450;8168
55;4437279;0.6;10;15;swap;instances/le450_15a.col;450;8168
56;4264519;0.6;10;15;swap;instances/le450_15a.col;450;8168
58;3572825;0.6;10;15;swap;instances/le450_15a.col;450;8168
56;4419298;0.6;10;15;swap;instances/le450_15a.col;450;8168
55;4656913;0.6;10;15;swap;instances/le450_15a.col;450;8168
57;3733849;0.6;10;15;swap;instances/le450_15a.col;450;8168
58;7159179;0.6;10;15;swap;instances/le450_15a.col;450;8168
59;4270701;0.6;10;15;swap;instances/le450_15a.col;450;8168
56;3825101;0.6;10;15;swap;instances/le450_15a.col;450;8168
57;4833416;0.6;10;15;swap;instances/le450_15a.col;450;8168
60;3914482;0.6;10;15;swap;instances/le450_15a.col;450;8168
58;4394155;0.6;10;15;swap;instances/le450_15a.col;450;8168
53;4419330;0.6;10;15;swap;instances/le450_15a.col;450;8168
54;7352871;0.6;10;15;swap;instances/le450_15a.col;450;8168
55;4552741;0.6;10;15;swap;instances/le450_15a.col;450;8168
58;4715049;0.7;10;15;swap;instances/le450_15a.col;450;8168
58;4281761;0.7;10;15;swap;instances/le450_15a.col;450;8168
59;3990198;0.7;10;15;swap;instances/le450_15a.col;450;8168
57;4751604;0.7;10;15;swap;instances/le450_15a.col;450;8168
62;4400142;0.7;10;15;swap;instances/le450_15a.col;450;8168
54;4574601;0.7;10;15;swap;instances/le450_15a.col;450;8168
55;7205715;0.7;10;15;swap;instances/le450_15a.col;450;8168
58;4342108;0.7;10;15;swap;instances/le450_15a.col;450;8168
58;4168623;0.7;10;15;swap;instances/le450_15a.col;450;8168
59;4080425;0.7;10;15;swap;instances/le450_15a.col;450;8168
59;3836726;0.7;10;15;swap;instances/le450_15a.col;450;8168
55;4534268;0.7;10;15;swap;instances/le450_15a.col;450;8168
56;4663398;0.7;10;15;swap;instances/le450_15a.col;450;8168
60;7401792;0.7;10;15;swap;instances/le450_15a.col;450;8168
54;4609737;0.7;10;15;swap;instances/le450_15a.col;450;8168
57;3919712;0.7;10;15;swap;instances/le450_15a.col;450;8168
57;3871185;0.7;10;15;swap;instances/le450_15a.col;450;8168
56;3989400;0.7;10;15;swap;instances/le450_15a.col;450;8168
58;4231753;0.7;10;15;swap;instances/le450_15a.col;450;8168
54;4754975;0.7;10;15;swap;instances/le450_15a.col;450;8168
59;7061190;0.8;10;15;swap;instances/le450_15a.col;450;8168
54;5037710;0.8;10;15;swap;instances/le450_15a.col;450;8168
59;4749659;0.8;10;15;swap;instances/le450_15a.col;450;8168
53;3855912;0.8;10;15;swap;instances/le450_15a.col;450;8168
56;4810451;0.8;10;15;swap;instances/le450_15a.col;450;8168
57;5451725;0.8;10;15;swap;instances/le450_15a.col;450;8168
55;5330785;0.8;10;15;swap;instances/le450_15a.col;450;8168
55;6360675;0.8;10;15;swap;instances/le450_15a.col;450;8168
56;3878429;0.8;10;15;swap;instances/le450_15a.col;450;8168
57;4362370;0.8;10;15;swap;instances/le450_15a.col;450;8168
51;4919035;0.8;10;15;swap;instances/le450_15a.col;450;8168
55;4195283;0.8;10;15;swap;instances/le450_15a.col;450;8168
54;3917417;0.8;10;15;swap;instances/le450_15a.col;450;8168
58;4631976;0.8;10;15;swap;instances/le450_15a.col;450;8168
60;6604561;0.8;10;15;swap;instances/le450_15a.col;450;8168
56;5011032;0.8;10;15;swap;instances/le450_15a.col;450;8168
54;4106323;0.8;10;15;swap;instances/le450_15a.col;450;8168
57;4301716;0.8;10;15;swap;instances/le450_15a.col;450;8168
52;4132627;0.8;10;15;swap;instances/le450_15a.col;450;8168
54;4874718;0.8;10;15;swap;instances/le450_15a.col;450;8168
50;4282800;0.9;10;15;swap;instances/le450_15a.col;450;8168
53;4438428;0.9;10;15;swap;instances/le450_15a.col;450;8168
58;6329719;0.9;10;15;swap;instances/le450_15a.col;450;8168
57;4220162;0.9;10;15;swap;instances/le450_15a.col;450;8168
57;4756015;0.9;10;15;swap;instances/le450_15a.col;450;8168
57;3739439;0.9;10;15;swap;instances/le450_15a.col;450;8168
54;4171859;0.9;10;15;swap;instances/le450_15a.col;450;8168
52;4885144;0.9;10;15;swap;instances/le450_15a.col;450;8168
57;4848303;0.9;10;15;swap;instances/le450_15a.col;450;8168
58;6360405;0.9;10;15;swap;instances/le450_15a.col;450;8168
56;4769096;0.9;10;15;swap;instances/le450_15a.col;450;8168
57;4095364;0.9;10;15;swap;instances/le450_15a.col;450;8168
56;4610463;0.9;10;15;swap;instances/le450_15a.col;450;8168
57;4381097;0.9;10;15;swap;instances/le450_15a.col;450;8168
58;4449456;0.9;10;15;swap;instances/le450_15a.col;450;8168
58;4315923;0.9;10;15;swap;instances/le450_15a.col;450;8168
54;6845195;0.9;10;15;swap;instances/le450_15a.col;450;8168
56;4134692;0.9;10;15;swap;instances/le450_15a.col;450;8168
60;4497705;0.9;10;15;swap;instances/le450_15a.col;450;8168
52;4615970;0.9;10;15;swap;instances/le450_15a.col;450;8168
57;4249996;1;10;15;swap;instances/le450_15a.col;450;8168
52;4268671;1;10;15;swap;instances/le450_15a.col;450;8168
54;4361008;1;10;15;swap;instances/le450_15a.col;450;8168
54;3791560;1;10;15;swap;instances/le450_15a.col;450;8168
54;6958943;1;10;15;swap;instances/le450_15a.col;450;8168
56;3832034;1;10;15;swap;instances/le450_15a.col;450;8168
52;4116251;1;10;15;swap;instances/le450_15a.col;450;8168
50;4220987;1;10;15;swap;instances/le450_15a.col;450;8168
53;3895568;1;10;15;swap;instances/le450_15a.col;450;8168
56;4134306;1;10;15;swap;instances/le450_15a.col;450;8168
54;4356211;1;10;15;swap;instances/le450_15a.col;450;8168
57;4016147;1;10;15;swap;instances/le450_15a.col;450;8168
52;6542196;1;10;15;swap;instances/le450_15a.col;450;8168
50;4439999;1;10;15;swap;instances/le450_15a.col;450;8168
55;4225494;1;10;15;swap;instances/le450_15a.col;450;8168
55;3881804;1;10;15;swap;instances/le450_15a.col;450;8168
55;4285167;1;10;15;swap;instances/le450_15a.col;450;8168
54;4217255;1;10;15;swap;instances/le450_15a.col;450;8168
52;4457991;1;10;15;swap;instances/le450_15a.col;450;8168
54;7082079;1;10;15;swap;instances/le450_15a.col;450;8168
52;45475775;0.1;100;15;swap;instances/le450_15a.col;450;8168
55;45844443;0.1;100;15;swap;instances/le450_15a.col;450;8168
52;47797101;0.1;100;15;swap;instances/le450_15a.col;450;8168
54;45166828;0.1;100;15;swap;instances/le450_15a.col;450;8168
53;47041617;0.1;100;15;swap;instances/le450_15a.col;450;8168
55;47986426;0.1;100;15;swap;instances/le450_15a.col;450;8168
56;43694714;0.1;100;15;swap;instances/le450_15a.col;450;8168
51;45215382;0.1;100;15;swap;instances/le450_15a.col;450;8168
53;49384350;0.1;100;15;swap;instances/le450_15a.col;450;8168
53;44317767;0.1;100;15;swap;instances/le450_15a.col;450;8168
55;44430976;0.1;100;15;swap;instances/le450_15a.col;450;8168
53;49400753;0.1;100;15;swap;instances/le450_15a.col;450;8168
53;45842251;0.1;100;15;swap;instances/le450_15a.col;450;8168
54;47119104;0.1;100;15;swap;instances/le450_15a.col;450;8168
53;48084772;0.1;100;15;swap;instances/le450_15a.col;450;8168
52;45931528;0.1;100;15;swap;instances/le450_15a.col;450;8168
55;46230614;0.1;100;15;swap;instances/le450_15a.col;450;8168
52;47287776;0.1;100;15;swap;instances/le450_15a.col;450;8168
52;46360958;0.1;100;15;swap;instances/le450_15a.col;450;8168
50;45915643;0.1;100;15;swap;instances/le450_15a.col;450;8168
53;48226722;0.2;100;15;swap;instances/le450_15a.col;450;8168
55;45720617;0.2;100;15;swap;instances/le450_15a.col;450;8168
54;45253664;0.2;100;15;swap;instances/le450_15a.col;450;8168
53;48379185;0.2;100;15;swap;instances/le450_15a.col;450;8168
51;44748578;0.2;100;15;swap;instances/le450_15a.col;450;8168
50;45765270;0.2;100;15;swap;instances/le450_15a.col;450;8168
51;47110440;0.2;100;15;swap;instances/le450_15a.col;450;8168
53;45752084;0.2;100;15;swap;instances/le450_15a.col;450;8168
52;44806044;0.2;100;15;swap;instances/le450_15a.col;450;8168
51;47501970;0.2;100;15;swap;instances/le450_15a.col;450;8168
48;45049592;0.2;100;15;swap;instances/le450_15a.col;450;8168
49;46494662;0.2;100;15;swap;instances/le450_15a.col;450;8168
55;50150078;0.2;100;15;swap;instances/le450_15a.col;450;8168
53;46559600;0.2;100;15;swap;instances/le450_15a.col;450;8168
53;45613090;0.2;100;15;swap;instances/le450_15a.col;450;8168
54;47747276;0.2;100;15;swap;instances/le450_15a.col;450;8168
53;48322688;0.2;100;15;swap;instances/le450_15a.col;450;8168
54;50147195;0.2;100;15;swap;instances/le450_15a.col;450;8168
51;47144646;0.2;100;15;swap;instances/le450_15a.col;450;8168
49;47919554;0.2;100;15;swap;instances/le450_15a.col;450;8168
54;46689720;0.3;100;15;swap;instances/le450_15a.col;450;8168
52;47907777;0.3;100;15;swap;instances/le450_15a.col;450;8168
54;46251290;0.3;100;15;swap;instances/le450_15a.col;450;8168
53;46654254;0.3;100;15;swap;instances/le450_15a.col;450;8168
54;47549011;0.3;100;15;swap;instances/le450_15a.col;450;8168
54;45096381;0.3;100;15;swap;instances/le450_15a.col;450;8168
53;49323171;0.3;100;15;swap;instances/le450_15a.col;450;8168
53;48294905;0.3;100;15;swap;instances/le450_15a.col;450;8168
54;45884395;0.3;100;15;swap;instances/le450_15a.col;450;8168
53;45169136;0.3;100;15;swap;instances/le450_15a.col;450;8168
52;46324764;0.3;100;15;swap;instances/le450_15a.col;450;8168
52;47057046;0.3;100;15;swap;instances/le450_15a.col;450;8168
52;46483411;0.3;100;15;swap;instances/le450_15a.col;450;8168
55;47068719;0.3;100;15;swap;instances/le450_15a.col;450;8168
52;45315334;0.3;100;15;swap;instances/le450_15a.col;450;8168
51;46709113;0.3;100;15;swap;instances/le450_15a.col;450;8168
52;47029430;0.3;100;15;swap;instances/le450_15a.col;450;8168
55;46437813;0.3;100;15;swap;instances/le450_15a.col;450;8168
53;47111960;0.3;100;15;swap;instances/le450_15a.col;450;8168
56;46500266;0.3;100;15;swap;instances/le450_15a.col;450;8168
53;45825821;0.4;100;15;swap;instances/le450_15a.col;450;8168
54;46289690;0.4;100;15;swap;instances/le450_15a.col;450;8168
53;46416271;0.4;100;15;swap;instances/le450_15a.col;450;8168
49;48802256;0.4;100;15;swap;instances/le450_15a.col;450;8168
54;46388501;0.4;100;15;swap;instances/le450_15a.col;450;8168
50;46524361;0.4;100;15;swap;instances/le450_15a.col;450;8168
51;47066323;0.4;100;15;swap;instances/le450_15a.col;450;8168
53;46291858;0.4;100;15;swap;instances/le450_15a.col;450;8168
52;47198271;0.4;100;15;swap;instances/le450_15a.col;450;8168
49;45890651;0.4;100;15;swap;instances/le450_15a.col;450;8168
49;47373709;0.4;100;15;swap;instances/le450_15a.col;450;8168
52;46213824;0.4;100;15;swap;instances/le450_15a.col;450;8168
53;48017891;0.4;100;15;swap;instances/le450_15a.col;450;8168
52;48737666;0.4;100;15;swap;instances/le450_15a.col;450;8168
51;45957181;0.4;100;15;swap;instances/le450_15a.col;450;8168
52;46546281;0.4;100;15;swap;instances/le450_15a.col;450;8168
51;49105074;0.4;100;15;swap;instances/le450_15a.col;450;8168
51;47553137;0.4;100;15;swap;instances/le450_15a.col;450;8168
53;44802066;0.4;100;15;swap;instances/le450_15a.col;450;8168
50;46944694;0.4;100;15;swap;instances/le450_15a.col;450;8168
49;47531965;0.5;100;15;swap;instances/le450_15a.col;450;8168
50;48899249;0.5;100;15;swap;instances/le450_15a.col;450;8168
53;44360638;0.5;100;15;swap;instances/le450_15a.col;450;8168
48;44599943;0.5;100;15;swap;instances/le450_15a.col;450;8168
50;46968488;0.5;100;15;swap;instances/le450_15a.col;450;8168
54;44598751;0.5;100;15;swap;instances/le450_15a.col;450;8168
52;47577296;0.5;100;15;swap;instances/le450_15a.col;450;8168
52;47833044;0.5;100;15;swap;instances/le450_15a.col;450;8168
54;45597027;0.5;100;15;swap;instances/le450_15a.col;450;8168
53;48030755;0.5;100;15;swap;instances/le450_15a.col;450;8168
52;44061020;0.5;100;15;swap;instances/le450_15a.col;450;8168
53;48506571;0.5;100;15;swap;instances/le450_15a.col;450;8168
55;45626857;0.5;100;15;swap;instances/le450_15a.col;450;8168
52;45596620;0.5;100;15;swap;instances/le450_15a.col;450;8168
54;46971112;0.5;100;15;swap;instances/le450_15a.col;450;8168
50;47553091;0.5;100;15;swap;instances/le450_15a.col;450;8168
52;46824775;0.5;100;15;swap;instances/le450_15a.col;450;8168
53;47884313;0.5;100;15;swap;instances/le450_15a.col;450;8168
54;47546827;0.5;100;15;swap;instances/le450_15a.col;450;8168
52;46459787;0.5;100;15;swap;instances/le450_15a.col;450;8168
52;44495052;0.6;100;15;swap;instances/le450_15a.col;450;8168
52;47114076;0.6;100;15;swap;instances/le450_15a.col;450;8168
49;47046505;0.6;100;15;swap;instances/le450_15a.col;450;8168
52;45773596;0.6;100;15;swap;instances/le450_15a.col;450;8168
53;50193053;0.6;100;15;swap;instances/le450_15a.col;450;8168
55;46786381;0.6;100;15;swap;instances/le450_15a.col;450;8168
52;46056309;0.6;100;15;swap;instances/le450_15a.col;450;8168
54;47208148;0.6;100;15;swap;instances/le450_15a.col;450;8168
52;46297234;0.6;100;15;swap;instances/le450_15a.col;450;8168
52;47816994;0.6;100;15;swap;instances/le450_15a.col;450;8168
53;45415931;0.6;100;15;swap;instances/le450_15a.col;450;8168
54;44837433;0.6;100;15;swap;instances/le450_15a.col;450;8168
53;48921504;0.6;100;15;swap;instances/le450_15a.col;450;8168
53;45857377;0.6;100;15;swap;instances/le450_15a.col;450;8168
51;47413393;0.6;100;15;swap;instances/le450_15a.col;450;8168
49;46026323;0.6;100;15;swap;instances/le450_15a.col;450;8168
52;44375936;0.6;100;15;swap;instances/le450_15a.col;450;8168
50;47003395;0.6;100;15;swap;instances/le450_15a.col;450;8168
49;45610049;0.6;100;15;swap;instances/le450_15a.col;450;8168
53;46144698;0.6;100;15;swap;instances/le450_15a.col;450;8168
53;47066432;0.7;100;15;swap;instances/le450_15a.col;450;8168
50;45799224;0.7;100;15;swap;instances/le450_15a.col;450;8168
50;48244203;0.7;100;15;swap;instances/le450_15a.col;450;8168
55;48586499;0.7;100;15;swap;instances/le450_15a.col;450;8168
53;46689459;0.7;100;15;swap;instances/le450_15a.col;450;8168
51;47567500;0.7;100;15;swap;instances/le450_15a.col;450;8168
52;45708495;0.7;100;15;swap;instances/le450_15a.col;450;8168
48;45970042;0.7;100;15;swap;instances/le450_15a.col;450;8168
53;49390476;0.7;100;15;swap;instances/le450_15a.col;450;8168
54;47757145;0.7;100;15;swap;instances/le450_15a.col;450;8168
53;47270689;0.7;100;15;swap;instances/le450_15a.col;450;8168
53;44581793;0.7;100;15;swap;instances/le450_15a.col;450;8168
52;49325891;0.7;100;15;swap;instances/le450_15a.col;450;8168
53;47725360;0.7;100;15;swap;instances/le450_15a.col;450;8168
50;48267797;0.7;100;15;swap;instances/le450_15a.col;450;8168
52;45991473;0.7;100;15;swap;instances/le450_15a.col;450;8168
52;47190425;0.7;100;15;swap;instances/le450_15a.col;450;8168
51;46838300;0.7;100;15;swap;instances/le450_15a.col;450;8168
53;47120497;0.7;100;15;swap;instances/le450_15a.col;450;8168
52;46392470;0.7;100;15;swap;instances/le450_15a.col;450;8168
51;45653994;0.8;100;15;swap;instances/le450_15a.col;450;8168
50;45628178;0.8;100;15;swap;instances/le450_15a.col;450;8168
53;44196145;0.8;100;15;swap;instances/le450_15a.col;450;8168
52;45018189;0.8;100;15;swap;instances/le450_15a.col;450;8168
50;47307891;0.8;100;15;swap;instances/le450_15a.col;450;8168
50;46011112;0.8;100;15;swap;instances/le450_15a.col;450;8168
52;46007996;0.8;100;15;swap;instances/le450_15a.col;450;8168
53;46892766;0.8;100;15;swap;instances/le450_15a.col;450;8168
47;47308691;0.8;100;15;swap;instances/le450_15a.col;450;8168
54;46727415;0.8;100;15;swap;instances/le450_15a.col;450;8168
51;46521307;0.8;100;15;swap;instances/le450_15a.col;450;8168
52;48820978;0.8;100;15;swap;instances/le450_15a.col;450;8168
52;47375424;0.8;100;15;swap;instances/le450_15a.col;450;8168
55;45779232;0.8;100;15;swap;instances/le450_15a.col;450;8168
53;48830663;0.8;100;15;swap;instances/le450_15a.col;450;8168
53;48309702;0.8;100;15;swap;instances/le450_15a.col;450;8168
51;46612645;0.8;100;15;swap;instances/le450_15a.col;450;8168
52;44788670;0.8;100;15;swap;instances/le450_15a.col;450;8168
54;46502928;0.8;100;15;swap;instances/le450_15a.col;450;8168
52;47011694;0.8;100;15;swap;instances/le450_15a.col;450;8168
51;47053383;0.9;100;15;swap;instances/le450_15a.col;450;8168
52;46419203;0.9;100;15;swap;instances/le450_15a.col;450;8168
51;45610714;0.9;100;15;swap;instances/le450_15a.col;450;8168
51;45870008;0.9;100;15;swap;instances/le450_15a.col;450;8168
53;45698456;0.9;100;15;swap;instances/le450_15a.col;450;8168
53;46665275;0.9;100;15;swap;instances/le450_15a.col;450;8168
48;45655838;0.9;100;15;swap;instances/le450_15a.col;450;8168
54;45999890;0.9;100;15;swap;instances/le450_15a.col;450;8168
52;45268980;0.9;100;15;swap;instances/le450_15a.col;450;8168
49;49296943;0.9;100;15;swap;instances/le450_15a.col;450;8168
54;48754085;0.9;100;15;swap;instances/le450_15a.col;450;8168
53;48274950;0.9;100;15;swap;instances/le450_15a.col;450;8168
53;47316691;0.9;100;15;swap;instances/le450_15a.col;450;8168
55;44320985;0.9;100;15;swap;instances/le450_15a.col;450;8168
52;47326732;0.9;100;15;swap;instances/le450_15a.col;450;8168
53;45798099;0.9;100;15;swap;instances/le450_15a.col;450;8168
50;49156267;0.9;100;15;swap;instances/le450_15a.col;450;8168
54;45958086;0.9;100;15;swap;instances/le450_15a.col;450;8168
49;45745842;0.9;100;15;swap;instances/le450_15a.col;450;8168
52;45411828;0.9;100;15;swap;instances/le450_15a.col;450;8168
50;44048559;1;100;15;swap;instances/le450_15a.col;450;8168
50;45089348;1;100;15;swap;instances/le450_15a.col;450;8168
51;44361583;1;100;15;swap;instances/le450_15a.col;450;8168
46;45821337;1;100;15;swap;instances/le450_15a.col;450;8168
49;45060162;1;100;15;swap;instances/le450_15a.col;450;8168
48;44682589;1;100;15;swap;instances/le450_15a.col;450;8168
52;46117248;1;100;15;swap;instances/le450_15a.col;450;8168
52;44788197;1;100;15;swap;instances/le450_15a.col;450;8168
52;44282385;1;100;15;swap;instances/le450_15a.col;450;8168
50;44859090;1;100;15;swap;instances/le450_15a.col;450;8168
51;43727204;1;100;15;swap;instances/le450_15a.col;450;8168
50;45333943;1;100;15;swap;instances/le450_15a.col;450;8168
48;43841759;1;100;15;swap;instances/le450_15a.col;450;8168
51;44728197;1;100;15;swap;instances/le450_15a.col;450;8168
51;43593438;1;100;15;swap;instances/le450_15a.col;450;8168
48;45427157;1;100;15;swap;instances/le450_15a.col;450;8168
49;44862221;1;100;15;swap;instances/le450_15a.col;450;8168
50;46190200;1;100;15;swap;instances/le450_15a.col;450;8168
49;45166923;1;100;15;swap;instances/le450_15a.col;450;8168
51;47190071;1;100;15;swap;instances/le450_15a.col;450;8168
50;470190991;0.1;1000;15;swap;instances/le450_15a.col;450;8168
50;473034780;0.1;1000;15;swap;instances/le450_15a.col;450;8168
48;472472028;0.1;1000;15;swap;instances/le450_15a.col;450;8168
46;470433251;0.1;1000;15;swap;instances/le450_15a.col;450;8168
49;467387303;0.1;1000;15;swap;instances/le450_15a.col;450;8168
50;468223461;0.1;1000;15;swap;instances/le450_15a.col;450;8168
50;470577983;0.1;1000;15;swap;instances/le450_15a.col;450;8168
47;467576036;0.1;1000;15;swap;instances/le450_15a.col;450;8168
51;473605957;0.1;1000;15;swap;instances/le450_15a.col;450;8168
49;467293157;0.1;1000;15;swap;instances/le450_15a.col;450;8168
49;470881375;0.1;1000;15;swap;instances/le450_15a.col;450;8168
47;470125491;0.1;1000;15;swap;instances/le450_15a.col;450;8168
50;475910460;0.1;1000;15;swap;instances/le450_15a.col;450;8168
50;470876826;0.1;1000;15;swap;instances/le450_15a.col;450;8168
47;470523378;0.1;1000;15;swap;instances/le450_15a.col;450;8168
48;468613113;0.1;1000;15;swap;instances/le450_15a.col;450;8168
49;465536263;0.1;1000;15;swap;instances/le450_15a.col;450;8168
51;469653859;0.1;1000;15;swap;instances/le450_15a.col;450;8168
46;466308034;0.1;1000;15;swap;instances/le450_15a.col;450;8168
50;466926028;0.1;1000;15;swap;instances/le450_15a.col;450;8168
49;469344666;0.2;1000;15;swap;instances/le450_15a.col;450;8168
51;480490603;0.2;1000;15;swap;instances/le450_15a.col;450;8168
51;471174447;0.2;1000;15;swap;instances/le450_15a.col;450;8168
48;469120465;0.2;1000;15;swap;instances/le450_15a.col;450;8168
47;471766214;0.2;1000;15;swap;instances/le450_15a.col;450;8168
49;464834285;0.2;1000;15;swap;instances/le450_15a.col;450;8168
45;464505526;0.2;1000;15;swap;instances/le450_15a.col;450;8168
48;470670901;0.2;1000;15;swap;instances/le450_15a.col;450;8168
50;462709089;0.2;1000;15;swap;instances/le450_15a.col;450;8168
47;471803814;0.2;1000;15;swap;instances/le450_15a.col;450;8168
48;465928339;0.2;1000;15;swap;instances/le450_15a.col;450;8168
50;468540782;0.2;1000;15;swap;instances/le450_15a.col;450;8168
48;468322984;0.2;1000;15;swap;instances/le450_15a.col;450;8168
49;468385292;0.2;1000;15;swap;instances/le450_15a.col;450;8168
48;463277280;0.2;1000;15;swap;instances/le450_15a.col;450;8168
49;463421201;0.2;1000;15;swap;instances/le450_15a.col;450;8168
46;465161462;0.2;1000;15;swap;instances/le450_15a.col;450;8168
50;471765462;0.2;1000;15;swap;instances/le450_15a.col;450;8168
49;468102565;0.2;1000;15;swap;instances/le450_15a.col;450;8168
49;466758321;0.2;1000;15;swap;instances/le450_15a.col;450;8168
50;464555739;0.3;1000;15;swap;instances/le450_15a.col;450;8168
52;459718863;0.3;1000;15;swap;instances/le450_15a.col;450;8168
49;462142017;0.3;1000;15;swap;instances/le450_15a.col;450;8168
45;466591087;0.3;1000;15;swap;instances/le450_15a.col;450;8168
50;467748990;0.3;1000;15;swap;instances/le450_15a.col;450;8168
50;466184252;0.3;1000;15;swap;instances/le450_15a.col;450;8168
48;472285583;0.3;1000;15;swap;instances/le450_15a.col;450;8168
51;462720608;0.3;1000;15;swap;instances/le450_15a.col;450;8168
50;470499046;0.3;1000;15;swap;instances/le450_15a.col;450;8168
50;457441173;0.3;1000;15;swap;instances/le450_15a.col;450;8168
49;461603924;0.3;1000;15;swap;instances/le450_15a.col;450;8168
47;469666674;0.3;1000;15;swap;instances/le450_15a.col;450;8168
49;465171400;0.3;1000;15;swap;instances/le450_15a.col;450;8168
49;467633536;0.3;1000;15;swap;instances/le450_15a.col;450;8168
50;469955716;0.3;1000;15;swap;instances/le450_15a.col;450;8168
47;469868458;0.3;1000;15;swap;instances/le450_15a.col;450;8168
50;469414179;0.3;1000;15;swap;instances/le450_15a.col;450;8168
49;467771548;0.3;1000;15;swap;instances/le450_15a.col;450;8168
52;469416873;0.3;1000;15;swap;instances/le450_15a.col;450;8168
50;470004893;0.3;1000;15;swap;instances/le450_15a.col;450;8168
50;474150750;0.4;1000;15;swap;instances/le450_15a.col;450;8168
49;473420712;0.4;1000;15;swap;instances/le450_15a.col;450;8168
50;473584705;0.4;1000;15;swap;instances/le450_15a.col;450;8168
50;468665338;0.4;1000;15;swap;instances/le450_15a.col;450;8168
47;464830947;0.4;1000;15;swap;instances/le450_15a.col;450;8168
48;471302588;0.4;1000;15;swap;instances/le450_15a.col;450;8168
48;476056144;0.4;1000;15;swap;instances/le450_15a.col;450;8168
49;464749002;0.4;1000;15;swap;instances/le450_15a.col;450;8168
48;466408577;0.4;1000;15;swap;instances/le450_15a.col;450;8168
49;467962801;0.4;1000;15;swap;instances/le450_15a.col;450;8168
48;475767433;0.4;1000;15;swap;instances/le450_15a.col;450;8168
48;468696698;0.4;1000;15;swap;instances/le450_15a.col;450;8168
51;475538740;0.4;1000;15;swap;instances/le450_15a.col;450;8168
48;469647181;0.4;1000;15;swap;instances/le450_15a.col;450;8168
47;471838066;0.4;1000;15;swap;instances/le450_15a.col;450;8168
50;464470378;0.4;1000;15;swap;instances/le450_15a.col;450;8168
48;471584838;0.4;1000;15;swap;instances/le450_15a.col;450;8168
50;465242327;0.4;1000;15;swap;instances/le450_15a.col;450;8168
48;475965868;0.4;1000;15;swap;instances/le450_15a.col;450;8168
49;468267228;0.4;1000;15;swap;instances/le450_15a.col;450;8168
52;464831217;0.5;1000;15;swap;instances/le450_15a.col;450;8168
48;467440010;0.5;1000;15;swap;instances/le450_15a.col;450;8168
50;462085865;0.5;1000;15;swap;instances/le450_15a.col;450;8168
48;463357065;0.5;1000;15;swap;instances/le450_15a.col;450;8168
51;467664456;0.5;1000;15;swap;instances/le450_15a.col;450;8168
49;470960005;0.5;1000;15;swap;instances/le450_15a.col;450;8168
51;466973313;0.5;1000;15;swap;instances/le450_15a.col;450;8168
49;464704315;0.5;1000;15;swap;instances/le450_15a.col;450;8168
50;477839849;0.5;1000;15;swap;instances/le450_15a.col;450;8168
51;461814649;0.5;1000;15;swap;instances/le450_15a.col;450;8168
49;470985867;0.5;1000;15;swap;instances/le450_15a.col;450;8168
49;467339686;0.5;1000;15;swap;instances/le450_15a.col;450;8168
50;467285903;0.5;1000;15;swap;instances/le450_15a.col;450;8168
49;469499364;0.5;1000;15;swap;instances/le450_15a.col;450;8168
49;472458937;0.5;1000;15;swap;instances/le450_15a.col;450;8168
48;463081096;0.5;1000;15;swap;instances/le450_15a.col;450;8168
47;470457887;0.5;1000;15;swap;instances/le450_15a.col;450;8168
49;477282166;0.5;1000;15;swap;instances/le450_15a.col;450;8168
51;468091854;0.5;1000;15;swap;instances/le450_15a.col;450;8168
47;471989403;0.5;1000;15;swap;instances/le450_15a.col;450;8168
48;469548411;0.6;1000;15;swap;instances/le450_15a.col;450;8168
49;463737445;0.6;1000;15;swap;instances/le450_15a.col;450;8168
50;469057155;0.6;1000;15;swap;instances/le450_15a.col;450;8168
51;468309244;0.6;1000;15;swap;instances/le450_15a.col;450;8168
49;470896071;0.6;1000;15;swap;instances/le450_15a.col;450;8168
48;472217771;0.6;1000;15;swap;instances/le450_15a.col;450;8168
51;470300149;0.6;1000;15;swap;instances/le450_15a.col;450;8168
47;474475798;0.6;1000;15;swap;instances/le450_15a.col;450;8168
47;469715994;0.6;1000;15;swap;instances/le450_15a.col;450;8168
48;472321155;0.6;1000;15;swap;instances/le450_15a.col;450;8168
50;470787499;0.6;1000;15;swap;instances/le450_15a.col;450;8168
48;470904648;0.6;1000;15;swap;instances/le450_15a.col;450;8168
48;470712202;0.6;1000;15;swap;instances/le450_15a.col;450;8168
49;469021475;0.6;1000;15;swap;instances/le450_15a.col;450;8168
48;468324871;0.6;1000;15;swap;instances/le450_15a.col;450;8168
49;469736792;0.6;1000;15;swap;instances/le450_15a.col;450;8168
48;474290940;0.6;1000;15;swap;instances/le450_15a.col;450;8168
51;469381733;0.6;1000;15;swap;instances/le450_15a.col;450;8168
50;475273276;0.6;1000;15;swap;instances/le450_15a.col;450;8168
49;472777995;0.6;1000;15;swap;instances/le450_15a.col;450;8168
47;472347510;0.7;1000;15;swap;instances/le450_15a.col;450;8168
50;474683946;0.7;1000;15;swap;instances/le450_15a.col;450;8168
48;473052720;0.7;1000;15;swap;instances/le450_15a.col;450;8168
52;468042924;0.7;1000;15;swap;instances/le450_15a.col;450;8168
50;469969498;0.7;1000;15;swap;instances/le450_15a.col;450;8168
47;471059120;0.7;1000;15;swap;instances/le450_15a.col;450;8168
48;468472541;0.7;1000;15;swap;instances/le450_15a.col;450;8168
52;462932020;0.7;1000;15;swap;instances/le450_15a.col;450;8168
51;474863807;0.7;1000;15;swap;instances/le450_15a.col;450;8168
51;467109585;0.7;1000;15;swap;instances/le450_15a.col;450;8168
50;470361373;0.7;1000;15;swap;instances/le450_15a.col;450;8168
49;465891536;0.7;1000;15;swap;instances/le450_15a.col;450;8168
50;473035296;0.7;1000;15;swap;instances/le450_15a.col;450;8168
49;472049449;0.7;1000;15;swap;instances/le450_15a.col;450;8168
50;474776484;0.7;1000;15;swap;instances/le450_15a.col;450;8168
49;467225026;0.7;1000;15;swap;instances/le450_15a.col;450;8168
51;469366822;0.7;1000;15;swap;instances/le450_15a.col;450;8168
51;469846714;0.7;1000;15;swap;instances/le450_15a.col;450;8168
45;470123467;0.7;1000;15;swap;instances/le450_15a.col;450;8168
50;470586527;0.7;1000;15;swap;instances/le450_15a.col;450;8168
50;467642730;0.8;1000;15;swap;instances/le450_15a.col;450;8168
49;473563042;0.8;1000;15;swap;instances/le450_15a.col;450;8168
50;474407855;0.8;1000;15;swap;instances/le450_15a.col;450;8168
48;472498675;0.8;1000;15;swap;instances/le450_15a.col;450;8168
48;462773155;0.8;1000;15;swap;instances/le450_15a.col;450;8168
48;473323203;0.8;1000;15;swap;instances/le450_15a.col;450;8168
50;473647594;0.8;1000;15;swap;instances/le450_15a.col;450;8168
48;474772355;0.8;1000;15;swap;instances/le450_15a.col;450;8168
51;471603108;0.8;1000;15;swap;instances/le450_15a.col;450;8168
50;471519780;0.8;1000;15;swap;instances/le450_15a.col;450;8168
48;470391165;0.8;1000;15;swap;instances/le450_15a.col;450;8168
48;460541184;0.8;1000;15;swap;instances/le450_15a.col;450;8168
49;474684279;0.8;1000;15;swap;instances/le450_15a.col;450;8168
50;469952819;0.8;1000;15;swap;instances/le450_15a.col;450;8168
50;467198838;0.8;1000;15;swap;instances/le450_15a.col;450;8168
49;470365980;0.8;1000;15;swap;instances/le450_15a.col;450;8168
49;472828774;0.8;1000;15;swap;instances/le450_15a.col;450;8168
51;476068108;0.8;1000;15;swap;instances/le450_15a.col;450;8168
48;475294828;0.8;1000;15;swap;instances/le450_15a.col;450;8168
50;474538904;0.8;1000;15;swap;instances/le450_15a.col;450;8168
47;470017746;0.9;1000;15;swap;instances/le450_15a.col;450;8168
49;468174400;0.9;1000;15;swap;instances/le450_15a.col;450;8168
49;475275695;0.9;1000;15;swap;instances/le450_15a.col;450;8168
50;464647226;0.9;1000;15;swap;instances/le450_15a.col;450;8168
52;475276578;0.9;1000;15;swap;instances/le450_15a.col;450;8168
50;470859386;0.9;1000;15;swap;instances/le450_15a.col;450;8168
50;465246796;0.9;1000;15;swap;instances/le450_15a.col;450;8168
49;468882120;0.9;1000;15;swap;instances/le450_15a.col;450;8168
51;472817087;0.9;1000;15;swap;instances/le450_15a.col;450;8168
47;472418115;0.9;1000;15;swap;instances/le450_15a.col;450;8168
51;469555238;0.9;1000;15;swap;instances/le450_15a.col;450;8168
49;461510030;0.9;1000;15;swap;instances/le450_15a.col;450;8168
51;468985570;0.9;1000;15;swap;instances/le450_15a.col;450;8168
49;469620771;0.9;1000;15;swap;instances/le450_15a.col;450;8168
47;462663876;0.9;1000;15;swap;instances/le450_15a.col;450;8168
50;478787244;0.9;1000;15;swap;instances/le450_15a.col;450;8168
51;470998217;0.9;1000;15;swap;instances/le450_15a.col;450;8168
50;473785672;0.9;1000;15;swap;instances/le450_15a.col;450;8168
49;468768130;0.9;1000;15;swap;instances/le450_15a.col;450;8168
50;468531179;0.9;1000;15;swap;instances/le450_15a.col;450;8168
46;449953192;1;1000;15;swap;instances/le450_15a.col;450;8168
48;446403363;1;1000;15;swap;instances/le450_15a.col;450;8168
47;452091143;1;1000;15;swap;instances/le450_15a.col;450;8168
44;452898744;1;1000;15;swap;instances/le450_15a.col;450;8168
45;449832850;1;1000;15;swap;instances/le450_15a.col;450;8168
42;454268820;1;1000;15;swap;instances/le450_15a.col;450;8168
46;454967030;1;1000;15;swap;instances/le450_15a.col;450;8168
46;449996060;1;1000;15;swap;instances/le450_15a.col;450;8168
46;452306919;1;1000;15;swap;instances/le450_15a.col;450;8168
46;445025557;1;1000;15;swap;instances/le450_15a.col;450;8168
45;440732576;1;1000;15;swap;instances/le450_15a.col;450;8168
46;447181451;1;1000;15;swap;instances/le450_15a.col;450;8168
48;447921005;1;1000;15;swap;instances/le450_15a.col;450;8168
45;450531189;1;1000;15;swap;instances/le450_15a.col;450;8168
45;445321786;1;1000;15;swap;instances/le450_15a.col;450;8168
47;449540388;1;1000;15;swap;instances/le450_15a.col;450;8168
46;446254039;1;1000;15;swap;instances/le450_15a.col;450;8168
43;442475201;1;1000;15;swap;instances/le450_15a.col;450;8168
46;446747112;1;1000;15;swap;instances/le450_15a.col;450;8168
46;444461071;1;1000;15;swap;instances/le450_15a.col;450;8168
