405;7232;instances/DSJC1000.1.col;1000;49629
405;8474;instances/DSJC1000.1.col;1000;49629
405;8935;instances/DSJC1000.1.col;1000;49629
405;8387;instances/DSJC1000.1.col;1000;49629
405;9104;instances/DSJC1000.1.col;1000;49629
405;8072;instances/DSJC1000.1.col;1000;49629
405;7011;instances/DSJC1000.1.col;1000;49629
405;7192;instances/DSJC1000.1.col;1000;49629
405;8649;instances/DSJC1000.1.col;1000;49629
405;8208;instances/DSJC1000.1.col;1000;49629
405;8681;instances/DSJC1000.1.col;1000;49629
405;7169;instances/DSJC1000.1.col;1000;49629
405;10789;instances/DSJC1000.1.col;1000;49629
405;10460;instances/DSJC1000.1.col;1000;49629
405;7470;instances/DSJC1000.1.col;1000;49629
405;6545;instances/DSJC1000.1.col;1000;49629
405;6550;instances/DSJC1000.1.col;1000;49629
405;8884;instances/DSJC1000.1.col;1000;49629
405;8969;instances/DSJC1000.1.col;1000;49629
405;8109;instances/DSJC1000.1.col;1000;49629
405;8681;instances/DSJC1000.1.col;1000;49629
418;7181;instances/DSJC1000.1.col;1000;49629
418;9420;instances/DSJC1000.1.col;1000;49629
418;7663;instances/DSJC1000.1.col;1000;49629
418;9194;instances/DSJC1000.1.col;1000;49629
418;8563;instances/DSJC1000.1.col;1000;49629
418;8231;instances/DSJC1000.1.col;1000;49629
418;7818;instances/DSJC1000.1.col;1000;49629
418;9228;instances/DSJC1000.1.col;1000;49629
418;7227;instances/DSJC1000.1.col;1000;49629
