212;16405;instances/DSJR500.1c.col;500;121275
212;17854;instances/DSJR500.1c.col;500;121275
212;13610;instances/DSJR500.1c.col;500;121275
212;13079;instances/DSJR500.1c.col;500;121275
212;16809;instances/DSJR500.1c.col;500;121275
212;16646;instances/DSJR500.1c.col;500;121275
212;14891;instances/DSJR500.1c.col;500;121275
212;17103;instances/DSJR500.1c.col;500;121275
212;14620;instances/DSJR500.1c.col;500;121275
212;16326;instances/DSJR500.1c.col;500;121275
212;15334;instances/DSJR500.1c.col;500;121275
212;16138;instances/DSJR500.1c.col;500;121275
171;16167;instances/DSJR500.1c.col;500;121275
171;14153;instances/DSJR500.1c.col;500;121275
171;15577;instances/DSJR500.1c.col;500;121275
171;15396;instances/DSJR500.1c.col;500;121275
171;16138;instances/DSJR500.1c.col;500;121275
171;13456;instances/DSJR500.1c.col;500;121275
171;15483;instances/DSJR500.1c.col;500;121275
171;13374;instances/DSJR500.1c.col;500;121275
171;14206;instances/DSJR500.1c.col;500;121275
171;12936;instances/DSJR500.1c.col;500;121275
171;15288;instances/DSJR500.1c.col;500;121275
171;16008;instances/DSJR500.1c.col;500;121275
171;13175;instances/DSJR500.1c.col;500;121275
173;13553;instances/DSJR500.1c.col;500;121275
173;13294;instances/DSJR500.1c.col;500;121275
173;14004;instances/DSJR500.1c.col;500;121275
173;12590;instances/DSJR500.1c.col;500;121275
173;14866;instances/DSJR500.1c.col;500;121275
