342;3204;instances/le450_15d.col;450;16750
342;3386;instances/le450_15d.col;450;16750
342;3448;instances/le450_15d.col;450;16750
342;3512;instances/le450_15d.col;450;16750
342;3354;instances/le450_15d.col;450;16750
342;3305;instances/le450_15d.col;450;16750
342;2950;instances/le450_15d.col;450;16750
342;2696;instances/le450_15d.col;450;16750
342;3409;instances/le450_15d.col;450;16750
342;3370;instances/le450_15d.col;450;16750
342;2582;instances/le450_15d.col;450;16750
342;2502;instances/le450_15d.col;450;16750
342;2957;instances/le450_15d.col;450;16750
342;2880;instances/le450_15d.col;450;16750
342;2932;instances/le450_15d.col;450;16750
342;3288;instances/le450_15d.col;450;16750
342;3896;instances/le450_15d.col;450;16750
342;3505;instances/le450_15d.col;450;16750
342;3483;instances/le450_15d.col;450;16750
342;3231;instances/le450_15d.col;450;16750
342;3400;instances/le450_15d.col;450;16750
342;2990;instances/le450_15d.col;450;16750
342;3123;instances/le450_15d.col;450;16750
342;3601;instances/le450_15d.col;450;16750
342;3373;instances/le450_15d.col;450;16750
342;3653;instances/le450_15d.col;450;16750
342;3216;instances/le450_15d.col;450;16750
342;3435;instances/le450_15d.col;450;16750
342;3462;instances/le450_15d.col;450;16750
342;3225;instances/le450_15d.col;450;16750
