346;2840;instances/le450_15c.col;450;16680
346;2428;instances/le450_15c.col;450;16680
346;3169;instances/le450_15c.col;450;16680
346;2954;instances/le450_15c.col;450;16680
346;3191;instances/le450_15c.col;450;16680
346;3183;instances/le450_15c.col;450;16680
346;3053;instances/le450_15c.col;450;16680
346;2644;instances/le450_15c.col;450;16680
346;3294;instances/le450_15c.col;450;16680
346;2500;instances/le450_15c.col;450;16680
346;2444;instances/le450_15c.col;450;16680
346;3148;instances/le450_15c.col;450;16680
346;3222;instances/le450_15c.col;450;16680
346;2461;instances/le450_15c.col;450;16680
346;2394;instances/le450_15c.col;450;16680
346;2874;instances/le450_15c.col;450;16680
346;2877;instances/le450_15c.col;450;16680
346;2882;instances/le450_15c.col;450;16680
346;2810;instances/le450_15c.col;450;16680
346;2909;instances/le450_15c.col;450;16680
346;3480;instances/le450_15c.col;450;16680
346;3107;instances/le450_15c.col;450;16680
346;3069;instances/le450_15c.col;450;16680
346;2834;instances/le450_15c.col;450;16680
346;3289;instances/le450_15c.col;450;16680
346;3423;instances/le450_15c.col;450;16680
346;3849;instances/le450_15c.col;450;16680
346;2805;instances/le450_15c.col;450;16680
346;2737;instances/le450_15c.col;450;16680
352;2809;instances/le450_15c.col;450;16680
