119;3719;instances/le450_25d.col;450;17425
119;3761;instances/le450_25d.col;450;17425
119;4127;instances/le450_25d.col;450;17425
119;4668;instances/le450_25d.col;450;17425
119;3777;instances/le450_25d.col;450;17425
119;3850;instances/le450_25d.col;450;17425
119;4049;instances/le450_25d.col;450;17425
119;3910;instances/le450_25d.col;450;17425
119;3575;instances/le450_25d.col;450;17425
119;3824;instances/le450_25d.col;450;17425
119;3531;instances/le450_25d.col;450;17425
124;3144;instances/le450_25d.col;450;17425
124;3601;instances/le450_25d.col;450;17425
124;4154;instances/le450_25d.col;450;17425
124;4920;instances/le450_25d.col;450;17425
124;3066;instances/le450_25d.col;450;17425
124;3006;instances/le450_25d.col;450;17425
124;2809;instances/le450_25d.col;450;17425
124;2993;instances/le450_25d.col;450;17425
124;2866;instances/le450_25d.col;450;17425
124;2938;instances/le450_25d.col;450;17425
124;3006;instances/le450_25d.col;450;17425
124;2846;instances/le450_25d.col;450;17425
124;2850;instances/le450_25d.col;450;17425
124;2865;instances/le450_25d.col;450;17425
124;2949;instances/le450_25d.col;450;17425
124;2898;instances/le450_25d.col;450;17425
124;2823;instances/le450_25d.col;450;17425
124;3159;instances/le450_25d.col;450;17425
124;2989;instances/le450_25d.col;450;17425
