126;3352;instances/le450_25c.col;450;17343
126;2095;instances/le450_25c.col;450;17343
126;2262;instances/le450_25c.col;450;17343
126;2949;instances/le450_25c.col;450;17343
126;2827;instances/le450_25c.col;450;17343
126;3341;instances/le450_25c.col;450;17343
130;3345;instances/le450_25c.col;450;17343
130;4656;instances/le450_25c.col;450;17343
130;3764;instances/le450_25c.col;450;17343
130;2951;instances/le450_25c.col;450;17343
130;3044;instances/le450_25c.col;450;17343
130;3195;instances/le450_25c.col;450;17343
130;2835;instances/le450_25c.col;450;17343
130;2961;instances/le450_25c.col;450;17343
130;3477;instances/le450_25c.col;450;17343
130;3027;instances/le450_25c.col;450;17343
130;2919;instances/le450_25c.col;450;17343
130;3093;instances/le450_25c.col;450;17343
130;2841;instances/le450_25c.col;450;17343
130;2871;instances/le450_25c.col;450;17343
130;3056;instances/le450_25c.col;450;17343
130;3014;instances/le450_25c.col;450;17343
130;2831;instances/le450_25c.col;450;17343
130;3097;instances/le450_25c.col;450;17343
130;4477;instances/le450_25c.col;450;17343
130;2928;instances/le450_25c.col;450;17343
130;3157;instances/le450_25c.col;450;17343
130;3066;instances/le450_25c.col;450;17343
130;3299;instances/le450_25c.col;450;17343
130;3392;instances/le450_25c.col;450;17343
