231;153478;instances/qg.order100.col;10000;990000
231;166985;instances/qg.order100.col;10000;990000
240;166672;instances/qg.order100.col;10000;990000
233;171446;instances/qg.order100.col;10000;990000
233;146564;instances/qg.order100.col;10000;990000
257;151358;instances/qg.order100.col;10000;990000
257;151827;instances/qg.order100.col;10000;990000
247;146835;instances/qg.order100.col;10000;990000
250;164696;instances/qg.order100.col;10000;990000
250;148743;instances/qg.order100.col;10000;990000
235;159060;instances/qg.order100.col;10000;990000
235;158484;instances/qg.order100.col;10000;990000
235;152495;instances/qg.order100.col;10000;990000
243;152873;instances/qg.order100.col;10000;990000
243;146735;instances/qg.order100.col;10000;990000
253;165402;instances/qg.order100.col;10000;990000
253;155917;instances/qg.order100.col;10000;990000
279;145773;instances/qg.order100.col;10000;990000
258;143442;instances/qg.order100.col;10000;990000
258;146037;instances/qg.order100.col;10000;990000
273;156036;instances/qg.order100.col;10000;990000
273;157567;instances/qg.order100.col;10000;990000
250;150327;instances/qg.order100.col;10000;990000
272;149200;instances/qg.order100.col;10000;990000
272;138941;instances/qg.order100.col;10000;990000
250;153666;instances/qg.order100.col;10000;990000
250;149063;instances/qg.order100.col;10000;990000
247;144394;instances/qg.order100.col;10000;990000
247;146390;instances/qg.order100.col;10000;990000
254;150360;instances/qg.order100.col;10000;990000
